3 0.55625 0.5479166666666667 0.28125 0.2875
2 0.4875 0.475 0.13125 0.09166666666666666
2 0.44375 0.5583333333333333 0.04375 0.08333333333333333
2 0.465625 0.55625 0.05625 0.10416666666666667
2 0.4765625 0.54375 0.053125 0.10416666666666667
2 0.4875 0.5083333333333333 0.03125 0.075
2 0.5109375 0.5020833333333333 0.040625 0.07916666666666666
2 0.5546875 0.45416666666666666 0.021875 0.041666666666666664
2 0.5828125 0.4666666666666667 0.065625 0.058333333333333334
2 0.5953125 0.4270833333333333 0.021875 0.0375
2 0.6515625 0.5020833333333333 0.071875 0.14583333333333334
2 0.5875 0.54375 0.16875 0.12916666666666668
2 0.60625 0.6083333333333333 0.11875 0.11666666666666667
2 0.5328125 0.5958333333333333 0.053125 0.11666666666666667
2 0.5515625 0.5854166666666667 0.046875 0.09583333333333334
3 0.3109375 0.6541666666666667 0.190625 0.31666666666666665
2 0.2578125 0.5645833333333333 0.078125 0.05416666666666667
2 0.284375 0.6145833333333334 0.09375 0.07083333333333333
2 0.3140625 0.6708333333333333 0.084375 0.058333333333333334
2 0.334375 0.7166666666666667 0.0875 0.05
2 0.371875 0.7708333333333334 0.075 0.041666666666666664
