3 0.6006546644844517 0.5709779179810726 0.7986906710310966 0.832807570977918
3 0.10147299509001637 0.637223974763407 0.19967266775777415 0.1829652996845426
2 0.14157119476268412 0.6088328075709779 0.11620294599018004 0.06309148264984227
2 0.11702127659574468 0.6466876971608833 0.09328968903436989 0.08201892744479496
2 0.31342062193126025 0.5583596214511041 0.0867430441898527 0.4668769716088328
2 0.2725040916530278 0.6750788643533123 0.10310965630114566 0.050473186119873815
2 0.469721767594108 0.5488958990536278 0.11456628477905073 0.4479495268138801
2 0.6063829787234043 0.5362776025236593 0.19148936170212766 0.7129337539432177
2 0.6505728314238952 0.8154574132492114 0.09983633387888707 0.2870662460567823
2 0.7945990180032734 0.6593059936908517 0.14238952536824878 0.416403785488959
2 0.9108019639934534 0.5867507886435331 0.15548281505728315 0.4037854889589905
2 0.5990180032733224 0.7429022082018928 0.36661211129296234 0.10410094637223975
