3 0.05660377358490566 0.8836477987421384 0.10377358490566038 0.15723270440251572
3 0.20047169811320756 0.8867924528301887 0.12735849056603774 0.12578616352201258
3 0.14858490566037735 0.5754716981132075 0.08018867924528301 0.11949685534591195
3 0.16745283018867924 0.710691823899371 0.08962264150943396 0.1509433962264151
3 0.2806603773584906 0.6163522012578616 0.09905660377358491 0.1761006289308176
3 0.44575471698113206 0.6477987421383647 0.22169811320754718 0.2138364779874214
3 0.7806603773584906 0.6666666666666666 0.4386792452830189 0.6666666666666666
2 0.049528301886792456 0.89937106918239 0.02358490566037736 0.06289308176100629
2 0.19103773584905662 0.8867924528301887 0.02358490566037736 0.07547169811320754
2 0.16273584905660377 0.7075471698113207 0.0330188679245283 0.11949685534591195
2 0.14386792452830188 0.5754716981132075 0.0330188679245283 0.09433962264150944
2 0.2783018867924528 0.6163522012578616 0.03773584905660377 0.16352201257861634
2 0.30660377358490565 0.6477987421383647 0.03773584905660377 0.025157232704402517
2 0.4386792452830189 0.6540880503144654 0.018867924528301886 0.18867924528301888
2 0.49764150943396224 0.6352201257861635 0.09905660377358491 0.025157232704402517
2 0.6108490566037735 0.7452830188679245 0.0330188679245283 0.3081761006289308
2 0.8655660377358491 0.7421383647798742 0.02358490566037736 0.13836477987421383
2 0.8844339622641509 0.6069182389937107 0.014150943396226415 0.0440251572327044
0 0.5023584905660378 0.1918238993710692 0.9952830188679245 0.08176100628930817
