3 0.5005208333333333 0.3328125 0.9989583333333333 0.6640625
2 0.415625 0.65234375 0.15208333333333332 0.021875
2 0.5005208333333333 0.241015625 0.9989583333333333 0.06953125
2 0.228125 0.326171875 0.45416666666666666 0.07890625
2 0.24427083333333333 0.378125 0.4864583333333333 0.053125
2 0.5869791666666667 0.385546875 0.3802083333333333 0.03515625
2 0.35208333333333336 0.455078125 0.7020833333333333 0.04140625
2 0.43072916666666666 0.516015625 0.37604166666666666 0.02578125
2 0.034895833333333334 0.501171875 0.046875 0.01015625
2 0.10572916666666667 0.4984375 0.03229166666666667 0.00625
2 0.09791666666666667 0.480859375 0.027083333333333334 0.02109375
2 0.09947916666666666 0.536328125 0.021875 0.00859375
2 0.1375 0.538671875 0.03333333333333333 0.00859375
2 0.4140625 0.55234375 0.509375 0.03125
2 0.4088541666666667 0.578125 0.5052083333333334 0.0296875
2 0.6520833333333333 0.57578125 0.0375 0.0140625
2 0.3963541666666667 0.59375 0.6322916666666667 0.028125
2 0.4010416666666667 0.608203125 0.6229166666666667 0.03203125
2 0.30520833333333336 0.631640625 0.44166666666666665 0.04296875
2 0.2421875 0.321484375 0.25104166666666666 0.64140625
2 0.5677083333333334 0.38203125 0.23541666666666666 0.528125
2 0.6015625 0.6 0.115625 0.090625
2 0.5208333333333334 0.55078125 0.022916666666666665 0.0078125
2 0.6260416666666667 0.552734375 0.03958333333333333 0.00546875
3 0.1734375 0.954296875 0.146875 0.09140625
3 0.8947916666666667 0.859765625 0.06458333333333334 0.21015625
