0 0.56298828125 0.50048828125 0.1669921875 0.9990234375
3 0.5595703125 0.23583984375 0.57421875 0.4697265625
3 0.7509765625 0.8125 0.0703125 0.140625
3 0.0498046875 0.83154296875 0.09765625 0.1572265625
3 0.1318359375 0.58349609375 0.03515625 0.0439453125
3 0.21044921875 0.572265625 0.0361328125 0.033203125
3 0.35595703125 0.6044921875 0.0205078125 0.01953125
3 0.39453125 0.55712890625 0.021484375 0.0185546875
3 0.263671875 0.51318359375 0.01953125 0.0244140625
3 0.2470703125 0.38037109375 0.021484375 0.0380859375
3 0.248046875 0.25537109375 0.056640625 0.0732421875
3 0.064453125 0.17333984375 0.056640625 0.0751953125
3 0.24365234375 0.01318359375 0.0341796875 0.0244140625
