3 0.5229779411764706 0.5022222222222222 0.9540441176470589 0.9955555555555555
2 0.5386029411764706 0.3488888888888889 0.6911764705882353 0.16444444444444445
2 0.5248161764705882 0.2 0.45036764705882354 0.08888888888888889
2 0.5615808823529411 0.52 0.49816176470588236 0.13333333333333333
2 0.16084558823529413 0.1711111111111111 0.02022058823529412 0.3333333333333333
2 0.19761029411764705 0.20666666666666667 0.02389705882352941 0.40444444444444444
2 0.25735294117647056 0.27111111111111114 0.01838235294117647 0.5333333333333333
2 0.32628676470588236 0.3022222222222222 0.016544117647058824 0.5955555555555555
2 0.39889705882352944 0.3244444444444444 0.025735294117647058 0.64
2 0.46875 0.3111111111111111 0.022058823529411766 0.6133333333333333
2 0.5477941176470589 0.3244444444444444 0.022058823529411766 0.64
2 0.625 0.32 0.029411764705882353 0.6311111111111111
2 0.703125 0.41333333333333333 0.02389705882352941 0.48
