0 0.5322265625 0.50048828125 0.162109375 0.9990234375
3 0.08447265625 0.3466796875 0.1669921875 0.158203125
3 0.201171875 0.11083984375 0.03515625 0.0419921875
3 0.275390625 0.1025390625 0.033203125 0.033203125
3 0.41357421875 0.138671875 0.0185546875 0.0234375
3 0.45068359375 0.09521484375 0.0205078125 0.0166015625
3 0.326171875 0.04736328125 0.01953125 0.0224609375
3 0.24072265625 0.59033203125 0.0556640625 0.0283203125
3 0.7841796875 0.34716796875 0.064453125 0.1279296875
3 0.78955078125 0.7060546875 0.0302734375 0.041015625
3 0.75634765625 0.57763671875 0.0224609375 0.0244140625
3 0.677734375 0.70361328125 0.017578125 0.0146484375
3 0.63232421875 0.74267578125 0.0302734375 0.0283203125
3 0.56787109375 0.87841796875 0.7041015625 0.2431640625
3 0.97412109375 0.94677734375 0.0517578125 0.1064453125
