0 0.57763671875 0.50048828125 0.1181640625 0.9990234375
3 0.00927734375 0.40673828125 0.0166015625 0.0595703125
3 0.05322265625 0.42431640625 0.0302734375 0.0380859375
3 0.8857421875 0.11083984375 0.03515625 0.0478515625
3 0.7119140625 0.14697265625 0.0390625 0.0419921875
3 0.763671875 0.10205078125 0.015625 0.0185546875
3 0.623046875 0.44873046875 0.75390625 0.5712890625
3 0.7568359375 0.84912109375 0.0234375 0.0322265625
3 0.67822265625 0.9072265625 0.0263671875 0.029296875
3 0.64453125 0.9091796875 0.013671875 0.01953125
3 0.5458984375 0.92431640625 0.02734375 0.0322265625
3 0.21337890625 0.94091796875 0.0732421875 0.0244140625
3 0.26806640625 0.8466796875 0.0322265625 0.04296875
3 0.15625 0.8564453125 0.029296875 0.0390625
3 0.03076171875 0.78955078125 0.0380859375 0.0380859375
3 0.2099609375 0.77392578125 0.033203125 0.0517578125
3 0.369140625 0.75537109375 0.025390625 0.0244140625
3 0.75 0.79296875 0.2265625 0.041015625
3 0.388671875 0.78955078125 0.19921875 0.0419921875
3 0.005859375 0.52685546875 0.009765625 0.0244140625
3 0.17138671875 0.462890625 0.0185546875 0.025390625
3 0.169921875 0.53955078125 0.025390625 0.0185546875
3 0.07080078125 0.67236328125 0.0263671875 0.0244140625
3 0.12255859375 0.72509765625 0.0439453125 0.0205078125
3 0.21923828125 0.45849609375 0.0126953125 0.0244140625
