3 0.31910009182736454 0.454868154158215 0.6363636363636364 0.8833671399594321
3 0.8241505968778696 0.7150101419878296 0.3278236914600551 0.38336713995943206
2 0.20110192837465565 0.15720081135902636 0.11202938475665748 0.028397565922920892
2 0.23186409550045914 0.23529411764705882 0.14416896235078053 0.030425963488843813
2 0.22727272727272727 0.2449290060851927 0.15151515151515152 0.02738336713995943
2 0.4641873278236915 0.26267748478701824 0.04132231404958678 0.014198782961460446
2 0.22910927456382002 0.28752535496957404 0.162534435261708 0.033468559837728194
2 0.2474747474747475 0.3017241379310345 0.16437098255280075 0.03144016227180527
2 0.453168044077135 0.45233265720081134 0.16988062442607896 0.028397565922920892
2 0.2731864095500459 0.5289046653144016 0.43434343434343436 0.07403651115618662
2 0.2865013774104683 0.5933062880324543 0.46648301193755737 0.06693711967545639
2 0.2190082644628099 0.6531440162271805 0.18824609733700642 0.05476673427991886
2 0.24793388429752067 0.678498985801217 0.38016528925619836 0.06288032454361055
2 0.472910927456382 0.6901622718052738 0.07897153351698806 0.02129817444219067
2 0.25390266299357206 0.7479716024340771 0.4398530762167126 0.061866125760649086
2 0.09550045913682277 0.813894523326572 0.08080808080808081 0.02332657200811359
2 0.38016528925619836 0.8433062880324543 0.33241505968778695 0.04969574036511156
2 0.22819100091827366 0.8438133874239351 0.22130394857667585 0.034482758620689655
2 0.4724517906336088 0.8661257606490872 0.162534435261708 0.02636916835699797
