3 0.5452961672473867 0.4660574412532637 0.7421602787456446 0.9268929503916449
2 0.38153310104529614 0.737597911227154 0.07317073170731707 0.3733681462140992
2 0.5574912891986062 0.8485639686684073 0.03484320557491289 0.0835509138381201
2 0.7195121951219512 0.8028720626631853 0.024390243902439025 0.07571801566579635
2 0.8745644599303136 0.6449086161879896 0.05574912891986063 0.29765013054830286
2 0.42334494773519166 0.6135770234986945 0.1986062717770035 0.057441253263707574
2 0.789198606271777 0.5274151436031331 0.23344947735191637 0.06788511749347259
2 0.41289198606271776 0.7232375979112271 0.1289198606271777 0.03655352480417755
2 0.8153310104529616 0.6122715404699739 0.1951219512195122 0.07571801566579635
2 0.6358885017421603 0.7441253263707572 0.5331010452961672 0.18798955613577023
2 0.7909407665505227 0.21148825065274152 0.1951219512195122 0.06266318537859007
