3 0.5005005005005005 0.5541984732824428 0.998998998998999 0.8916030534351145
3 0.9564564564564565 0.059541984732824425 0.08708708708708708 0.11603053435114503
2 0.33483483483483484 0.2595419847328244 0.46146146146146144 0.08854961832061069
2 0.32732732732732733 0.3320610687022901 0.028028028028028028 0.12061068702290076
2 0.503003003003003 0.38778625954198476 0.035035035035035036 0.1801526717557252
2 0.4519519519519519 0.48854961832061067 0.9019019019019019 0.13740458015267176
2 0.14164164164164164 0.5427480916030535 0.025025025025025027 0.15419847328244274
2 0.32982982982982983 0.583206106870229 0.03303303303303303 0.14961832061068703
2 0.4754754754754755 0.5893129770992367 0.028028028028028028 0.1465648854961832
2 0.6641641641641641 0.4114503816793893 0.03903903903903904 0.14198473282442747
2 0.7972972972972973 0.41755725190839693 0.057057057057057055 0.16946564885496182
2 0.8913913913913913 0.549618320610687 0.05905905905905906 0.22595419847328244
2 0.7567567567567568 0.6152671755725191 0.04804804804804805 0.15877862595419848
2 0.6326326326326326 0.6435114503816793 0.02002002002002002 0.05648854961832061
2 0.4039039039039039 0.6900763358778625 0.8058058058058059 0.08549618320610687
2 0.5330330330330331 0.8740458015267175 0.24324324324324326 0.03206106870229008
