3 0.2132122730118973 0.13918439716312056 0.42517219787100813 0.2765957446808511
2 0.2623669380087664 0.13120567375886524 0.045084533500313086 0.04964539007092199
3 0.8303068252974327 0.29654255319148937 0.3393863494051346 0.4778368794326241
2 0.743894802755166 0.3816489361702128 0.015028177833437696 0.07180851063829788
2 0.8118346900438321 0.16046099290780141 0.05823418910457107 0.028368794326241134
2 0.947401377582968 0.1675531914893617 0.06011271133375078 0.028368794326241134
2 0.939261114589856 0.16533687943262412 0.026299311208515967 0.061170212765957445
3 0.5432060112711333 0.28324468085106386 0.234815278647464 0.2721631205673759
3 0.43206011271133377 0.612145390070922 0.6361928616155291 0.40868794326241137
2 0.21884783969943644 0.7282801418439716 0.016906700062617408 0.12145390070921985
2 0.38728866624921726 0.6125886524822695 0.02567313713212273 0.23404255319148937
2 0.4142141515341265 0.6006205673758865 0.02567313713212273 0.1675531914893617
2 0.530369442705072 0.4596631205673759 0.21790857858484658 0.0700354609929078
2 0.4602379461490294 0.5057624113475178 0.07388854101440201 0.08244680851063829
2 0.5403882279273639 0.588209219858156 0.042579837194740136 0.24202127659574468
2 0.6123982467125861 0.5691489361702128 0.07764558547276143 0.13120567375886524
2 0.6790857858484659 0.5168439716312057 0.14214151534126487 0.1099290780141844
2 0.721665623043206 0.5771276595744681 0.011897307451471509 0.03723404255319149
