3 0.5013513513513513 0.5271739130434783 0.9972972972972973 0.9456521739130435
2 0.7918918918918919 0.21467391304347827 0.2864864864864865 0.11413043478260869
2 0.7797297297297298 0.36684782608695654 0.05675675675675676 0.28804347826086957
2 0.6405405405405405 0.49728260869565216 0.4972972972972973 0.125
2 0.5108108108108108 0.44021739130434784 0.016216216216216217 0.05434782608695652
2 0.6391891891891892 0.625 0.051351351351351354 0.25
2 0.6067567567567568 0.8315217391304348 0.02972972972972973 0.13043478260869565
2 0.7256756756756757 0.6711956521739131 0.024324324324324326 0.11413043478260869
2 0.43783783783783786 0.7119565217391305 0.745945945945946 0.17391304347826086
2 0.31756756756756754 0.875 0.44594594594594594 0.13043478260869565
2 0.1783783783783784 0.7690217391304348 0.016216216216216217 0.1358695652173913
2 0.30675675675675673 0.7907608695652174 0.01891891891891892 0.15760869565217392
2 0.4540540540540541 0.8233695652173914 0.02702702702702703 0.14673913043478262
2 0.527027027027027 0.8559782608695652 0.016216216216216217 0.08152173913043478
3 0.9108108108108108 0.8777173913043478 0.08108108108108109 0.24456521739130435
