3 0.49078341013824883 0.4942396313364055 0.978494623655914 0.3663594470046083
2 0.3241167434715822 0.2764976958525346 0.05222734254992319 0.08294930875576037
2 0.26881720430107525 0.6094470046082949 0.04608294930875576 0.1543778801843318
2 0.3279569892473118 0.5875576036866359 0.03840245775729647 0.12903225806451613
2 0.3118279569892473 0.6140552995391705 0.5714285714285714 0.09907834101382489
2 0.6105990783410138 0.5311059907834101 0.0445468509984639 0.052995391705069124
2 0.6459293394777266 0.5380184331797235 0.06605222734254992 0.06682027649769585
2 0.7204301075268817 0.5357142857142857 0.04915514592933948 0.07603686635944701
2 0.8287250384024577 0.5264976958525346 0.06912442396313365 0.09907834101382489
2 0.7956989247311828 0.5368663594470046 0.22734254992319508 0.041474654377880185
2 0.5092165898617511 0.39285714285714285 0.047619047619047616 0.04377880184331797
3 0.14516129032258066 0.18778801843317972 0.130568356374808 0.20046082949308755
3 0.33640552995391704 0.22350230414746544 0.15360983102918588 0.08755760368663594
3 0.5138248847926268 0.20622119815668202 0.07834101382488479 0.1175115207373272
