3 0.48125 0.32550335570469796 0.5291666666666667 0.6442953020134228
3 0.1125 0.6040268456375839 0.21666666666666667 0.7919463087248322
2 0.4791666666666667 0.2483221476510067 0.49166666666666664 0.026845637583892617
2 0.40208333333333335 0.2634228187919463 0.3875 0.016778523489932886
2 0.46041666666666664 0.2986577181208054 0.5375 0.020134228187919462
2 0.49166666666666664 0.34060402684563756 0.49166666666666664 0.03691275167785235
2 0.39791666666666664 0.3976510067114094 0.20416666666666666 0.05704697986577181
2 0.4375 0.5570469798657718 0.10833333333333334 0.026845637583892617
2 0.46041666666666664 0.34563758389261745 0.07916666666666666 0.40268456375838924
2 0.12708333333333333 0.5838926174496645 0.17916666666666667 0.026845637583892617
2 0.09583333333333334 0.6593959731543624 0.15 0.030201342281879196
2 0.11666666666666667 0.7030201342281879 0.13333333333333333 0.030201342281879196
2 0.11041666666666666 0.7348993288590604 0.15416666666666667 0.020134228187919462
2 0.08541666666666667 0.6375838926174496 0.0375 0.40268456375838924
