3 0.4331395348837209 0.6084905660377359 0.8546511627906976 0.6069182389937107
2 0.42441860465116277 0.4889937106918239 0.8372093023255814 0.0220125786163522
2 0.4186046511627907 0.6650943396226415 0.8255813953488372 0.0220125786163522
2 0.38372093023255816 0.8443396226415094 0.5 0.015723270440251572
2 0.03197674418604651 0.6320754716981132 0.05232558139534884 0.3836477987421384
2 0.14825581395348839 0.6415094339622641 0.040697674418604654 0.389937106918239
2 0.311046511627907 0.6147798742138365 0.040697674418604654 0.5817610062893082
2 0.4563953488372093 0.5754716981132075 0.06395348837209303 0.5283018867924528
2 0.5697674418604651 0.539308176100629 0.046511627906976744 0.44339622641509435
2 0.7209302325581395 0.4748427672955975 0.06976744186046512 0.3018867924528302
