3 0.501432664756447 0.5105263157894737 0.997134670487106 0.9789473684210527
2 0.5186246418338109 0.35789473684210527 0.8825214899713467 0.05263157894736842
2 0.501432664756447 0.6473684210526316 0.997134670487106 0.042105263157894736
2 0.44126074498567336 0.9631578947368421 0.8767908309455588 0.042105263157894736
2 0.11318051575931232 0.65 0.03151862464183381 0.5421052631578948
2 0.18911174785100288 0.6368421052631579 0.02865329512893983 0.5263157894736842
2 0.2593123209169054 0.6578947368421053 0.025787965616045846 0.5894736842105263
2 0.335243553008596 0.6342105263157894 0.02865329512893983 0.5
2 0.4140401146131805 0.6578947368421053 0.03151862464183381 0.6
2 0.48567335243553006 0.6526315789473685 0.03724928366762178 0.5894736842105263
2 0.5558739255014327 0.7605263157894737 0.02865329512893983 0.38421052631578945
2 0.6389684813753582 0.49736842105263157 0.034383954154727794 0.9
2 0.6962750716332379 0.5 0.02865329512893983 0.8947368421052632
2 0.7779369627507163 0.49736842105263157 0.04871060171919771 0.8894736842105263
2 0.8510028653295129 0.48157894736842105 0.034383954154727794 0.8578947368421053
2 0.9183381088825215 0.4394736842105263 0.03151862464183381 0.6789473684210526
