3 0.4468354430379747 0.4813895781637717 0.7417721518987341 0.8535980148883374
2 0.9126582278481012 0.7047146401985112 0.17468354430379746 0.02977667493796526
0 0.10886075949367088 0.19975186104218362 0.020253164556962026 0.2803970223325062
2 0.11392405063291139 0.5930521091811415 0.030379746835443037 0.5012406947890818
2 0.21012658227848102 0.8176178660049628 0.18227848101265823 0.022332506203473945
2 0.3962025316455696 0.15260545905707196 0.09367088607594937 0.09181141439205956
2 0.3987341772151899 0.1228287841191067 0.017721518987341773 0.04218362282878412
2 0.40759493670886077 0.36600496277915634 0.035443037974683546 0.4044665012406948
2 0.7025316455696202 0.303970223325062 0.02278481012658228 0.11166253101736973
2 0.710126582278481 0.45533498759305213 0.02278481012658228 0.11662531017369727
2 0.7430379746835443 0.41563275434243174 0.1240506329113924 0.11166253101736973
