3 0.5007142857142857 0.5010729613733905 0.9985714285714286 0.9978540772532188
2 0.09785714285714285 0.4034334763948498 0.02142857142857143 0.8025751072961373
2 0.12071428571428572 0.7371244635193133 0.018571428571428572 0.2939914163090129
2 0.5321428571428571 0.7017167381974249 0.02142857142857143 0.27467811158798283
2 0.5885714285714285 0.3851931330472103 0.04857142857142857 0.5815450643776824
2 0.8935714285714286 0.6298283261802575 0.027142857142857142 0.1781115879828326
2 0.9507142857142857 0.1351931330472103 0.024285714285714285 0.18454935622317598
2 0.4564285714285714 0.38197424892703863 0.03857142857142857 0.017167381974248927
2 0.3242857142857143 0.7843347639484979 0.38857142857142857 0.11802575107296137
2 0.72 0.7017167381974249 0.3057142857142857 0.08583690987124463
