3 0.3955026455026455 0.5146443514644351 0.6322751322751323 0.9707112970711297
2 0.43386243386243384 0.06276150627615062 0.5079365079365079 0.03347280334728033
2 0.20899470899470898 0.24686192468619247 0.05291005291005291 0.2928870292887029
2 0.30687830687830686 0.23430962343096234 0.0582010582010582 0.34309623430962344
2 0.3862433862433862 0.24476987447698745 0.037037037037037035 0.3389121338912134
2 0.42724867724867727 0.2405857740585774 0.03968253968253968 0.3472803347280335
2 0.47354497354497355 0.25523012552301255 0.037037037037037035 0.3598326359832636
2 0.5621693121693122 0.2594142259414226 0.03968253968253968 0.3682008368200837
2 0.6415343915343915 0.2719665271966527 0.04497354497354497 0.3263598326359833
2 0.3716931216931217 0.4372384937238494 0.5105820105820106 0.09623430962343096
2 0.13095238095238096 0.2196652719665272 0.03439153439153439 0.3389121338912134
2 0.15079365079365079 0.5774058577405857 0.037037037037037035 0.30962343096234307
2 0.18253968253968253 0.5962343096234309 0.031746031746031744 0.28870292887029286
2 0.2156084656084656 0.5774058577405857 0.04497354497354497 0.3179916317991632
2 0.21428571428571427 0.7635983263598326 0.14285714285714285 0.04602510460251046
2 0.29894179894179895 0.6736401673640168 0.047619047619047616 0.4769874476987448
3 0.3531746031746032 0.602510460251046 0.06084656084656084 0.17573221757322174
2 0.3544973544973545 0.7615062761506276 0.0582010582010582 0.03347280334728033
2 0.3941798941798942 0.700836820083682 0.047619047619047616 0.4811715481171548
2 0.4312169312169312 0.6861924686192469 0.042328042328042326 0.42677824267782427
2 0.4748677248677249 0.7133891213389121 0.04497354497354497 0.5146443514644351
2 0.5529100529100529 0.7050209205020921 0.047619047619047616 0.47280334728033474
2 0.6349206349206349 0.6380753138075314 0.042328042328042326 0.2803347280334728
