3 0.5091743119266054 0.5013368983957219 0.981651376146789 0.9973262032085561
2 0.7137614678899082 0.45187165775401067 0.5724770642201835 0.19786096256684493
2 0.5146788990825688 0.44786096256684493 0.05688073394495413 0.6176470588235294
2 0.8 0.5614973262032086 0.08440366972477065 0.6844919786096256
2 0.3311926605504587 0.3917112299465241 0.031192660550458717 0.30213903743315507
2 0.1963302752293578 0.35294117647058826 0.044036697247706424 0.3422459893048128
2 0.09908256880733946 0.29411764705882354 0.07706422018348624 0.44385026737967914
2 0.07247706422018349 0.3689839572192513 0.05688073394495413 0.0374331550802139
2 0.41834862385321103 0.5106951871657754 0.6091743119266055 0.29411764705882354
2 0.46238532110091746 0.6684491978609626 0.6642201834862386 0.3850267379679144
2 0.9100917431192661 0.7259358288770054 0.1798165137614679 0.13101604278074866
2 0.9174311926605505 0.9117647058823529 0.1651376146788991 0.12834224598930483
