3 0.50048828125 0.5007309941520468 0.9990234375 0.9985380116959064
2 0.41455078125 0.03289473684210526 0.3740234375 0.06286549707602339
2 0.52978515625 0.2807017543859649 0.9404296875 0.1286549707602339
2 0.6474609375 0.7192982456140351 0.705078125 0.18128654970760233
2 0.6845703125 0.9305555555555556 0.630859375 0.06286549707602339
2 0.22607421875 0.6557017543859649 0.1572265625 0.027777777777777776
2 0.126953125 0.5292397660818714 0.044921875 0.38596491228070173
2 0.41748046875 0.4656432748538012 0.0634765625 0.9283625730994152
2 0.6533203125 0.5007309941520468 0.060546875 0.9985380116959064
2 0.92578125 0.5007309941520468 0.080078125 0.9985380116959064
