3 0.47470238095238093 0.4381720430107527 0.6101190476190477 0.26881720430107525
2 0.4635416666666667 0.37768817204301075 0.5193452380952381 0.08870967741935484
2 0.4427083333333333 0.489247311827957 0.53125 0.08064516129032258
2 0.47023809523809523 0.43010752688172044 0.5714285714285714 0.0967741935483871
2 0.20535714285714285 0.4731182795698925 0.011904761904761904 0.15053763440860216
2 0.23363095238095238 0.45564516129032256 0.017857142857142856 0.08333333333333333
2 0.28794642857142855 0.45026881720430106 0.022321428571428572 0.08870967741935484
2 0.35044642857142855 0.4435483870967742 0.01636904761904762 0.0913978494623656
2 0.3757440476190476 0.4368279569892473 0.013392857142857142 0.08333333333333333
2 0.3861607142857143 0.4368279569892473 0.00744047619047619 0.08870967741935484
2 0.3950892857142857 0.4422043010752688 0.010416666666666666 0.08870967741935484
2 0.41443452380952384 0.43413978494623656 0.01636904761904762 0.09408602150537634
2 0.4419642857142857 0.4260752688172043 0.011904761904761904 0.10483870967741936
2 0.47172619047619047 0.42473118279569894 0.011904761904761904 0.0967741935483871
2 0.5007440476190477 0.41935483870967744 0.013392857142857142 0.0967741935483871
2 0.5357142857142857 0.4166666666666667 0.017857142857142856 0.10215053763440861
2 0.5632440476190477 0.4166666666666667 0.019345238095238096 0.0913978494623656
2 0.5989583333333334 0.40860215053763443 0.013392857142857142 0.10215053763440861
2 0.6272321428571429 0.40456989247311825 0.013392857142857142 0.09946236559139784
2 0.6793154761904762 0.38844086021505375 0.013392857142857142 0.07795698924731183
2 0.7373511904761905 0.39381720430107525 0.013392857142857142 0.11021505376344086
