3 0.5003846153846154 0.19047619047619047 0.9992307692307693 0.21602787456445993
3 0.0926923076923077 0.6114982578397212 0.14692307692307693 0.5725900116144018
3 0.31153846153846154 0.5934959349593496 0.15692307692307692 0.5876887340301974
3 0.5096153846153846 0.5725900116144018 0.13923076923076924 0.578397212543554
3 0.6984615384615385 0.5511033681765389 0.11692307692307692 0.5842044134727061
3 0.8834615384615384 0.5232288037166086 0.11307692307692307 0.5958188153310104
3 0.5003846153846154 0.8832752613240418 0.9992307692307693 0.23344947735191637
2 0.5838461538461538 0.1835075493612079 0.023076923076923078 0.08130081300813008
2 0.655 0.12775842044134728 0.03461538461538462 0.03484320557491289
2 0.6811538461538461 0.1672473867595819 0.022307692307692306 0.0859465737514518
2 0.7411538461538462 0.14634146341463414 0.10230769230769231 0.018583042973286876
2 0.8153846153846154 0.16492450638792103 0.02 0.10220673635307782
2 0.7688461538461538 0.12717770034843207 0.08076923076923077 0.04529616724738676
2 0.8780769230769231 0.13182346109175377 0.11615384615384615 0.026713124274099883
2 0.9203846153846154 0.10801393728222997 0.07307692307692308 0.04413472706155633
2 0.9592307692307692 0.15505226480836237 0.021538461538461538 0.09872241579558652
2 0.9788461538461538 0.10511033681765389 0.04230769230769231 0.024390243902439025
2 0.7042307692307692 0.6184668989547039 0.019230769230769232 0.37282229965156793
2 0.7326923076923076 0.6114982578397212 0.023846153846153847 0.4634146341463415
2 0.8707692307692307 0.6016260162601627 0.03230769230769231 0.34843205574912894
2 0.8515384615384616 0.6538908246225319 0.015384615384615385 0.16957026713124274
2 0.9184615384615384 0.578397212543554 0.03076923076923077 0.4901277584204414
2 0.895 0.6033681765389083 0.011538461538461539 0.20789779326364694
2 0.5046153846153846 0.6451800232288037 0.015384615384615385 0.25435540069686413
2 0.5284615384615384 0.6434378629500581 0.013846153846153847 0.2508710801393728
2 0.5388461538461539 0.6353077816492451 0.01 0.18583042973286876
2 0.5553846153846154 0.5766550522648084 0.016923076923076923 0.454123112659698
2 0.35923076923076924 0.5696864111498258 0.026153846153846153 0.45876887340301975
2 0.33115384615384613 0.6312427409988386 0.026923076923076925 0.25667828106852497
2 0.8192307692307692 0.8507549361207898 0.36153846153846153 0.07781649245063879
2 0.07307692307692308 0.6039488966318235 0.015384615384615385 0.1207897793263647
