2 0.40076923076923077 0.0549163179916318 0.06 0.05543933054393305
2 0.1176923076923077 0.20763598326359833 0.23384615384615384 0.032426778242677826
2 0.1519230769230769 0.3200836820083682 0.30230769230769233 0.027196652719665274
2 0.22923076923076924 0.4372384937238494 0.45692307692307693 0.02510460251046025
2 0.1776923076923077 0.34518828451882844 0.08153846153846153 0.3723849372384937
2 0.3230769230769231 0.46234309623430964 0.20923076923076922 0.399581589958159
2 0.3726923076923077 0.5653765690376569 0.15153846153846154 0.3274058577405858
2 0.4023076923076923 0.6338912133891214 0.04461538461538461 0.2615062761506276
2 0.6284615384615385 0.6982217573221757 0.5692307692307692 0.28556485355648537
2 0.6703846153846154 0.672071129707113 0.5792307692307692 0.05543933054393305
2 0.4976923076923077 0.6553347280334728 0.07230769230769231 0.17259414225941422
2 0.583076923076923 0.604602510460251 0.09384615384615384 0.2698744769874477
2 0.7146153846153847 0.5852510460251046 0.010769230769230769 0.23326359832635984
2 0.8146153846153846 0.6861924686192469 0.055384615384615386 0.16527196652719664
2 0.8734615384615385 0.6872384937238494 0.008461538461538461 0.08577405857740586
2 0.9526923076923077 0.7390167364016736 0.011538461538461539 0.06380753138075314
2 0.6426923076923077 0.2055439330543933 0.008461538461538461 0.04707112970711297
2 0.6353846153846154 0.4649581589958159 0.018461538461538463 0.446652719665272
2 0.89 0.25993723849372385 0.012307692307692308 0.14748953974895398
2 0.6926923076923077 0.34518828451882844 0.28846153846153844 0.02301255230125523
2 0.885 0.35564853556485354 0.08538461538461538 0.014644351464435146
2 0.7726923076923077 0.24215481171548117 0.4115384615384615 0.02405857740585774
2 0.6607692307692308 0.4571129707112971 0.3 0.02301255230125523
2 0.8776923076923077 0.4675732217573222 0.055384615384615386 0.010460251046025104
