2 0.6033333333333334 0.23599137931034483 0.5666666666666667 0.04525862068965517
2 0.8 0.28987068965517243 0.022222222222222223 0.20043103448275862
2 0.22666666666666666 0.4375 0.21777777777777776 0.03879310344827586
2 0.3233333333333333 0.5808189655172413 0.13555555555555557 0.6788793103448276
2 0.1411111111111111 0.7209051724137931 0.2777777777777778 0.07112068965517242
2 0.43 0.78125 0.08222222222222222 0.4375
2 0.4266666666666667 0.7015086206896551 0.7555555555555555 0.0625
2 0.89 0.4709051724137931 0.1711111111111111 0.028017241379310345
2 0.8133333333333334 0.7004310344827587 0.03111111111111111 0.4396551724137931
2 0.9122222222222223 0.7672413793103449 0.17555555555555555 0.034482758620689655
