3 0.5018181818181818 0.4644808743169399 0.9963636363636363 0.9180327868852459
2 0.5018181818181818 0.07650273224043716 0.9963636363636363 0.03278688524590164
2 0.23636363636363636 0.31693989071038253 0.46545454545454545 0.06557377049180328
2 0.7945454545454546 0.2896174863387978 0.4109090909090909 0.04371584699453552
2 0.46 0.45901639344262296 0.9127272727272727 0.06557377049180328
2 0.11272727272727273 0.7185792349726776 0.21818181818181817 0.04918032786885246
2 0.04727272727272727 0.49453551912568305 0.05818181818181818 0.8360655737704918
2 0.23272727272727273 0.3333333333333333 0.03636363636363636 0.5901639344262295
2 0.4090909090909091 0.3469945355191257 0.04727272727272727 0.5737704918032787
2 0.5727272727272728 0.39617486338797814 0.04727272727272727 0.6721311475409836
2 0.7090909090909091 0.40437158469945356 0.04363636363636364 0.6885245901639344
2 0.9018181818181819 0.39344262295081966 0.02909090909090909 0.7103825136612022
