3 0.5518134715025906 0.46304347826086956 0.48704663212435234 0.6652173913043479
2 0.35103626943005184 0.4282608695652174 0.04922279792746114 0.030434782608695653
2 0.3601036269430052 0.5869565217391305 0.07772020725388601 0.06086956521739131
2 0.694300518134715 0.26521739130434785 0.17616580310880828 0.02608695652173913
2 0.6696891191709845 0.4282608695652174 0.20984455958549222 0.0391304347826087
2 0.6593264248704663 0.6043478260869565 0.22020725388601037 0.043478260869565216
2 0.6813471502590673 0.7630434782608696 0.17098445595854922 0.05652173913043478
2 0.3484455958549223 0.5673913043478261 0.03367875647668394 0.24782608695652175
2 0.6476683937823834 0.508695652173913 0.04145077720207254 0.46956521739130436
2 0.7461139896373057 0.5152173913043478 0.046632124352331605 0.4652173913043478
