3 0.7644230769230769 0.502283105022831 0.41346153846153844 0.9954337899543378
2 0.7403846153846154 0.0365296803652968 0.21153846153846154 0.0273972602739726
2 0.7644230769230769 0.1187214611872146 0.27884615384615385 0.0365296803652968
2 0.7788461538461539 0.19406392694063926 0.3076923076923077 0.0228310502283105
2 0.6923076923076923 0.23972602739726026 0.15384615384615385 0.0228310502283105
2 0.7548076923076923 0.3698630136986301 0.27884615384615385 0.0273972602739726
2 0.8413461538461539 0.3995433789954338 0.18269230769230768 0.0319634703196347
2 0.7692307692307693 0.4611872146118721 0.3076923076923077 0.0273972602739726
2 0.7644230769230769 0.5593607305936074 0.3173076923076923 0.0319634703196347
2 0.7548076923076923 0.6575342465753424 0.2980769230769231 0.0273972602739726
2 0.8365384615384616 0.7511415525114156 0.17307692307692307 0.0228310502283105
2 0.7692307692307693 0.771689497716895 0.3076923076923077 0.0182648401826484
2 0.8173076923076923 0.8378995433789954 0.17307692307692307 0.0228310502283105
2 0.7740384615384616 0.8584474885844748 0.27884615384615385 0.0182648401826484
2 0.7307692307692307 0.9041095890410958 0.28846153846153844 0.0182648401826484
