3 0.6637931034482759 0.4664179104477612 0.6724137931034483 0.9253731343283582
2 0.6136363636363636 0.8022388059701493 0.017241379310344827 0.05223880597014925
2 0.6818181818181818 0.7052238805970149 0.018808777429467086 0.05223880597014925
2 0.9122257053291536 0.7294776119402985 0.018808777429467086 0.026119402985074626
2 0.975705329153605 0.6735074626865671 0.02037617554858934 0.033582089552238806
2 0.6724137931034483 0.11194029850746269 0.16614420062695925 0.05223880597014925
2 0.4945141065830721 0.5130597014925373 0.2617554858934169 0.6604477611940298
2 0.5532915360501567 0.4906716417910448 0.31974921630094044 0.7052238805970149
2 0.8221003134796239 0.24440298507462688 0.17711598746081506 0.06343283582089553
2 0.8385579937304075 0.2873134328358209 0.1974921630094044 0.1044776119402985
2 0.9043887147335423 0.3824626865671642 0.08463949843260188 0.07835820895522388
2 0.6912225705329154 0.38619402985074625 0.3573667711598746 0.08582089552238806
2 0.7217868338557993 0.416044776119403 0.09561128526645768 0.06343283582089553
2 0.8322884012539185 0.4496268656716418 0.10031347962382445 0.033582089552238806
2 0.6802507836990596 0.498134328358209 0.20689655172413793 0.06343283582089553
2 0.8307210031347962 0.5018656716417911 0.0438871473354232 0.033582089552238806
2 0.7068965517241379 0.5373134328358209 0.16614420062695925 0.06716417910447761
2 0.5329153605015674 0.6361940298507462 0.19435736677115986 0.055970149253731345
2 0.6105015673981191 0.5802238805970149 0.13322884012539185 0.048507462686567165
2 0.6191222570532915 0.6082089552238806 0.08150470219435736 0.05223880597014925
