2 0.028125 0.4740566037735849 0.022916666666666665 0.7216981132075472
2 0.10208333333333333 0.5636792452830188 0.041666666666666664 0.660377358490566
2 0.12291666666666666 0.5259433962264151 0.041666666666666664 0.7075471698113207
2 0.2625 0.4410377358490566 0.041666666666666664 0.8773584905660378
2 0.34375 0.5459905660377359 0.029166666666666667 0.6344339622641509
2 0.4114583333333333 0.5106132075471698 0.04375 0.6910377358490566
2 0.49375 0.48702830188679247 0.0375 0.6485849056603774
2 0.5572916666666666 0.4658018867924528 0.035416666666666666 0.6438679245283019
2 0.6197916666666666 0.5365566037735849 0.04375 0.5448113207547169
2 0.7020833333333333 0.4563679245283019 0.020833333333333332 0.3561320754716981
2 0.7739583333333333 0.4882075471698113 0.022916666666666665 0.45754716981132076
2 0.83125 0.41745283018867924 0.03333333333333333 0.8301886792452831
2 0.9104166666666667 0.3785377358490566 0.029166666666666667 0.7523584905660378
