3 0.5017921146953405 0.5084033613445378 0.996415770609319 0.5846338535414166
2 0.12903225806451613 0.5912364945978391 0.05017921146953405 0.3397358943577431
2 0.32616487455197135 0.4699879951980792 0.035842293906810034 0.04441776710684274
2 0.3279569892473118 0.5060024009603842 0.03225806451612903 0.010804321728691477
2 0.31899641577060933 0.539015606242497 0.043010752688172046 0.03601440576230492
2 0.3118279569892473 0.6902761104441777 0.043010752688172046 0.11524609843937575
2 0.543010752688172 0.507202881152461 0.06810035842293907 0.5102040816326531
2 0.7329749103942652 0.6500600240096038 0.06093189964157706 0.19327731092436976
2 0.8978494623655914 0.6692677070828331 0.07526881720430108 0.19327731092436976
2 0.44086021505376344 0.32653061224489793 0.16487455197132617 0.021608643457382955
2 0.41935483870967744 0.3625450180072029 0.17921146953405018 0.009603841536614645
2 0.40860215053763443 0.37214885954381755 0.15770609318996415 0.009603841536614645
2 0.3207885304659498 0.42436974789915966 0.3548387096774194 0.010804321728691477
2 0.2885304659498208 0.44237695078031214 0.2903225806451613 0.013205282112845138
2 0.2903225806451613 0.4963985594237695 0.2867383512544803 0.010804321728691477
2 0.2921146953405018 0.5150060024009604 0.2831541218637993 0.012004801920768308
2 0.32974910394265233 0.5600240096038416 0.3655913978494624 0.013205282112845138
2 0.31899641577060933 0.5768307322929171 0.34408602150537637 0.013205282112845138
2 0.32974910394265233 0.6326530612244898 0.37992831541218636 0.014405762304921969
2 0.4283154121863799 0.6494597839135654 0.18996415770609318 0.009603841536614645
2 0.5197132616487455 0.7743097238895558 0.9605734767025089 0.01680672268907563
