3 0.5006090133982948 0.6962785114045619 0.9987819732034104 0.33133253301320525
2 0.034713763702801465 0.6728691476590636 0.025578562728380026 0.18127250900360145
2 0.07612667478684532 0.6740696278511404 0.018270401948842874 0.16926770708283315
2 0.22959805115712545 0.7130852340936374 0.025578562728380026 0.0936374549819928
2 0.305115712545676 0.7250900360144058 0.03288672350791717 0.23289315726290516
2 0.37149817295980514 0.6830732292917167 0.02679658952496955 0.15846338535414164
2 0.44214372716199757 0.7118847539015606 0.02679658952496955 0.1752701080432173
2 0.5018270401948843 0.7280912364945978 0.024360535931790498 0.18127250900360145
2 0.5621193666260658 0.7250900360144058 0.025578562728380026 0.1368547418967587
2 0.6285018270401949 0.673469387755102 0.01705237515225335 0.15846338535414164
2 0.6967113276492083 0.6566626650660264 0.01705237515225335 0.14165666266506602
2 0.7570036540803897 0.7142857142857143 0.018270401948842874 0.06962785114045618
2 0.8112058465286236 0.7208883553421368 0.02192448233861145 0.058823529411764705
2 0.8806333739342266 0.7322929171668667 0.01705237515225335 0.028811524609843937
2 0.17722289890377588 0.7635054021608644 0.3276492082825822 0.01920768307322929
2 0.4056029232643118 0.758703481392557 0.0389768574908648 0.009603841536614645
2 0.7655298416565165 0.7539015606242497 0.2984165651644336 0.01680672268907563
2 0.6516443361753959 0.6908763505402161 0.029232643118148598 0.02040816326530612
