3 0.5409760589318601 0.5385032537960954 0.7228360957642725 0.9229934924078091
2 0.23250460405156537 0.5135574837310195 0.006445672191528545 0.09652928416485901
2 0.2440147329650092 0.5401301518438177 0.016574585635359115 0.2039045553145336
2 0.2619705340699816 0.5281995661605207 0.011970534069981584 0.26247288503253796
2 0.2803867403314917 0.5770065075921909 0.011970534069981584 0.3969631236442516
2 0.3020257826887661 0.601409978308026 0.014732965009208104 0.4848156182212581
2 0.32136279926335176 0.5943600867678959 0.014732965009208104 0.5075921908893709
2 0.34208103130755063 0.5851409978308026 0.011970534069981584 0.5325379609544468
2 0.3678637200736648 0.5629067245119306 0.02302025782688766 0.6095444685466378
2 0.39088397790055246 0.5905639913232104 0.02117863720073665 0.6214750542299349
2 0.4189686924493554 0.579175704989154 0.022099447513812154 0.7288503253796096
2 0.44521178637200737 0.5607375271149675 0.03038674033149171 0.7440347071583514
2 0.48296500920810315 0.574295010845987 0.01565377532228361 0.7581344902386117
2 0.5115101289134438 0.5401301518438177 0.017495395948434623 0.7180043383947939
2 0.5515653775322283 0.5216919739696312 0.020257826887661142 0.6746203904555315
2 0.5870165745856354 0.455531453362256 0.019337016574585635 0.544468546637744
2 0.43278084714548803 0.24078091106290672 0.15469613259668508 0.09761388286334056
2 0.42679558011049723 0.32049891540130154 0.1703499079189687 0.07917570498915401
2 0.39410681399631675 0.37906724511930584 0.2265193370165746 0.1052060737527115
2 0.38950276243093923 0.4316702819956616 0.23572744014732966 0.0824295010845987
2 0.4617863720073665 0.46529284164859 0.4152854511970534 0.10412147505422993
2 0.43738489871086556 0.5162689804772235 0.3812154696132597 0.06941431670281996
2 0.43462246777163904 0.5699566160520607 0.30939226519337015 0.04013015184381779
2 0.425414364640884 0.6231019522776573 0.3314917127071823 0.020607375271149676
2 0.42679558011049723 0.670824295010846 0.3342541436464088 0.014099783080260303
2 0.36279926335174956 0.722885032537961 0.15469613259668508 0.024945770065075923
2 0.3632596685082873 0.7706073752711496 0.10773480662983426 0.024945770065075923
