3 0.39766839378238344 0.4929078014184397 0.7901554404145078 0.8156028368794326
2 0.3795336787564767 0.22695035460992907 0.7538860103626943 0.07092198581560284
2 0.6036269430051814 0.4219858156028369 0.22797927461139897 0.06382978723404255
2 0.41968911917098445 0.5638297872340425 0.5699481865284974 0.06382978723404255
2 0.23056994818652848 0.6595744680851063 0.17098445595854922 0.0425531914893617
2 0.5647668393782384 0.6560283687943262 0.19170984455958548 0.03546099290780142
2 0.5297927461139896 0.7304964539007093 0.21502590673575128 0.028368794326241134
2 0.30569948186528495 0.8333333333333334 0.10362694300518134 0.06382978723404255
2 0.2772020725388601 0.8829787234042553 0.046632124352331605 0.03546099290780142
2 0.17746113989637305 0.8404255319148937 0.06476683937823834 0.04964539007092199
2 0.560880829015544 0.5283687943262412 0.11658031088082901 0.574468085106383
