3 0.5283333333333333 0.48833333333333334 0.8722222222222222 0.9733333333333334
2 0.3022222222222222 0.0725 0.25333333333333335 0.058333333333333334
2 0.5666666666666667 0.0975 0.21555555555555556 0.051666666666666666
2 0.8738888888888889 0.135 0.16333333333333333 0.04666666666666667
2 0.8716666666666667 0.18833333333333332 0.11666666666666667 0.06
2 0.9133333333333333 0.17666666666666667 0.05333333333333334 0.03
2 0.5611111111111111 0.44666666666666666 0.6911111111111111 0.09
2 0.43944444444444447 0.26166666666666666 0.03888888888888889 0.52
2 0.6622222222222223 0.49666666666666665 0.09333333333333334 0.75
2 0.4872222222222222 0.7333333333333333 0.67 0.09
2 0.41888888888888887 0.7725 0.017777777777777778 0.08833333333333333
