3 0.5572916666666666 0.44244105409153955 0.8854166666666666 0.42441054091539526
2 0.4765625 0.5617198335644937 0.45729166666666665 0.11373092926490985
2 0.4708333333333333 0.5312066574202496 0.40208333333333335 0.09153952843273232
2 0.5067708333333333 0.49791955617198336 0.36770833333333336 0.08321775312066575
2 0.5375 0.44937586685159503 0.4375 0.11650485436893204
2 0.578125 0.42995839112343964 0.42916666666666664 0.11927877947295423
2 0.40520833333333334 0.44244105409153955 0.03958333333333333 0.05825242718446602
2 0.45416666666666666 0.3432732316227462 0.03958333333333333 0.07905686546463246
2 0.5203125 0.4930651872399445 0.04895833333333333 0.07628294036061026
2 0.5838541666666667 0.3841886269070735 0.042708333333333334 0.07766990291262135
2 0.6390625 0.521497919556172 0.05520833333333333 0.06934812760055478
2 0.7125 0.41678224687933424 0.04791666666666667 0.06241331484049931
2 0.721875 0.5166435506241331 0.10208333333333333 0.09847434119278779
2 0.80625 0.45284327323162277 0.05625 0.07073509015256588
0 0.8552083333333333 0.579750346740638 0.15208333333333332 0.06657420249653259
0 0.8213541666666667 0.6650485436893204 0.246875 0.09015256588072122
