2 0.24125 0.655 0.085 0.11
3 0.02 0.6841666666666667 0.0375 0.085
3 0.23125 0.655 0.2025 0.15
3 0.35375 0.5708333333333333 0.11 0.135
3 0.90125 0.4375 0.1975 0.125
3 0.761875 0.48833333333333334 0.12625 0.07666666666666666
3 0.695625 0.5516666666666666 0.12375 0.13
2 0.373125 0.5933333333333334 0.03875 0.07
2 0.629375 0.6141666666666666 0.03625 0.03166666666666667
2 0.679375 0.5383333333333333 0.09625 0.07666666666666666
2 0.745 0.4866666666666667 0.07 0.05
2 0.778125 0.5025 0.05125 0.041666666666666664
2 0.9475 0.4583333333333333 0.105 0.06
