2 0.3273076923076923 0.0987460815047022 0.34384615384615386 0.019853709508881923
2 0.16807692307692307 0.21577847439916406 0.10230769230769231 0.011494252873563218
2 0.2826923076923077 0.3500522466039707 0.41923076923076924 0.018808777429467086
2 0.34192307692307694 0.522466039707419 0.6361538461538462 0.03343782654127482
2 0.26653846153846156 0.7392894461859979 0.5315384615384615 0.04075235109717868
2 0.1853846153846154 0.8281086729362591 0.36923076923076925 0.038662486938349006
2 0.08423076923076923 0.799373040752351 0.03923076923076923 0.12539184952978055
2 0.17807692307692308 0.8019853709508882 0.025384615384615384 0.11389759665621735
2 0.27307692307692305 0.8113897596656218 0.023076923076923078 0.10553814002089865
2 0.37576923076923074 0.8145245559038663 0.02076923076923077 0.12852664576802508
2 0.4776923076923077 0.8510971786833855 0.015384615384615385 0.08254963427377221
2 0.6415384615384615 0.7507836990595611 0.06 0.017763845350052248
2 0.7373076923076923 0.8662486938349008 0.09923076923076923 0.018808777429467086
2 0.735 0.6253918495297806 0.04692307692307692 0.013584117032392894
2 0.7715384615384615 0.4367816091954023 0.05384615384615385 0.012539184952978056
2 0.8746153846153846 0.08881922675026123 0.04153846153846154 0.012539184952978056
2 0.936923076923077 0.203239289446186 0.04461538461538461 0.011494252873563218
2 0.15884615384615386 0.19122257053291536 0.07153846153846154 0.24242424242424243
2 0.22576923076923078 0.19696969696969696 0.04846153846153846 0.18495297805642633
2 0.29115384615384615 0.19644723092998956 0.06230769230769231 0.2988505747126437
2 0.3553846153846154 0.2142110762800418 0.04461538461538461 0.26750261233019856
2 0.3557692307692308 0.2058516196447231 0.09923076923076923 0.12539184952978055
2 0.42615384615384616 0.21473354231974923 0.03076923076923077 0.2727272727272727
2 0.07346153846153847 0.47126436781609193 0.06538461538461539 0.21525600835945663
2 0.15923076923076923 0.47387669801462906 0.06 0.2413793103448276
2 0.23115384615384615 0.5031347962382445 0.05923076923076923 0.29571577847439917
2 0.3123076923076923 0.5188087774294671 0.04923076923076923 0.322884012539185
2 0.39884615384615385 0.5256008359456635 0.02846153846153846 0.2507836990595611
2 0.49615384615384617 0.29832810867293624 0.027692307692307693 0.5945663531870429
2 0.5688461538461539 0.2335423197492163 0.016153846153846154 0.46499477533960293
2 0.575 0.6065830721003135 0.011538461538461539 0.14106583072100312
2 0.6561538461538462 0.44932079414838033 0.06769230769230769 0.896551724137931
2 0.765 0.6729362591431557 0.04846153846153846 0.46812957157784746
2 0.838076923076923 0.6347962382445141 0.08384615384615385 0.5444096133751306
2 0.9226923076923077 0.635841170323929 0.15461538461538463 0.5360501567398119
2 0.7465384615384615 0.21212121212121213 0.16692307692307692 0.15256008359456635
2 0.8211538461538461 0.061128526645768025 0.03 0.12016718913270637
2 0.9215384615384615 0.2084639498432602 0.06769230769230769 0.2769070010449321
