3 0.16115196078431374 0.0718232044198895 0.31985294117647056 0.13812154696132597
3 0.9025735294117647 0.06629834254143646 0.1948529411764706 0.1270718232044199
2 0.4571078431372549 0.11740331491712708 0.21568627450980393 0.024861878453038673
2 0.48651960784313725 0.21132596685082872 0.27205882352941174 0.024861878453038673
2 0.48223039215686275 0.3052486187845304 0.25612745098039214 0.03591160220994475
2 0.4693627450980392 0.40193370165745856 0.2034313725490196 0.03591160220994475
2 0.4638480392156863 0.48342541436464087 0.2708333333333333 0.06077348066298342
2 0.4368872549019608 0.5759668508287292 0.14583333333333334 0.052486187845303865
2 0.4013480392156863 0.6505524861878453 0.10661764705882353 0.052486187845303865
2 0.5238970588235294 0.664364640883978 0.08455882352941177 0.03038674033149171
2 0.35049019607843135 0.3701657458563536 0.0196078431372549 0.5193370165745856
2 0.3946078431372549 0.4143646408839779 0.012254901960784314 0.6298342541436464
2 0.44485294117647056 0.4544198895027624 0.012254901960784314 0.7265193370165746
2 0.5067401960784313 0.42679558011049723 0.013480392156862746 0.6712707182320442
2 0.5753676470588235 0.39917127071823205 0.01838235294117647 0.5607734806629834
