1 0.5227272727272727 0.7853403141361257 0.08333333333333333 0.28272251308900526
2 0.5587121212121212 0.46596858638743455 0.011363636363636364 0.3769633507853403
2 0.5492424242424242 0.46596858638743455 0.015151515151515152 0.36649214659685864
2 0.5378787878787878 0.4607329842931937 0.015151515151515152 0.39790575916230364
2 0.5284090909090909 0.44502617801047123 0.01893939393939394 0.4293193717277487
2 0.5 0.5890052356020943 0.015151515151515152 0.225130890052356
2 0.45265151515151514 0.5759162303664922 0.056818181818181816 0.031413612565445025
2 0.4810606060606061 0.45549738219895286 0.10606060606060606 0.020942408376963352
2 0.4791666666666667 0.4712041884816754 0.10227272727272728 0.020942408376963352
2 0.4583333333333333 0.2591623036649215 0.06060606060606061 0.02617801047120419
