0 0.2222222222222222 0.5348583877995643 0.09477124183006536 0.9302832244008714
3 0.21323529411764705 0.03594771241830065 0.11274509803921569 0.06753812636165578
3 0.42892156862745096 0.55119825708061 0.2042483660130719 0.2570806100217865
1 0.3880718954248366 0.5827886710239651 0.09313725490196079 0.12418300653594772
0 0.559640522875817 0.5119825708061002 0.1715686274509804 0.16122004357298475
0 0.5465686274509803 0.6546840958605664 0.1650326797385621 0.0718954248366013
3 0.5727124183006536 0.7821350762527233 0.07679738562091504 0.06535947712418301
3 0.6977124183006536 0.8235294117647058 0.02287581699346405 0.034858387799564274
3 0.494281045751634 0.761437908496732 0.03758169934640523 0.05010893246187364
3 0.014705882352941176 0.7625272331154684 0.026143790849673203 0.026143790849673203
3 0.05065359477124183 0.7766884531590414 0.016339869281045753 0.023965141612200435
3 0.2222222222222222 0.8126361655773421 0.0718954248366013 0.08714596949891068
3 0.35947712418300654 0.7712418300653595 0.03594771241830065 0.034858387799564274
3 0.14460784313725492 0.46405228758169936 0.03758169934640523 0.04357298474945534
3 0.0457516339869281 0.48474945533769065 0.026143790849673203 0.0196078431372549
3 0.013071895424836602 0.3562091503267974 0.02287581699346405 0.037037037037037035
3 0.6421568627450981 0.41721132897603486 0.032679738562091505 0.023965141612200435
3 0.6021241830065359 0.011982570806100218 0.06372549019607843 0.0196078431372549
3 0.8047385620915033 0.09912854030501089 0.014705882352941176 0.02832244008714597
3 0.7287581699346405 0.7962962962962963 0.016339869281045753 0.04139433551198257
3 0.7467320261437909 0.7178649237472767 0.00980392156862745 0.023965141612200435
3 0.761437908496732 0.6699346405228758 0.013071895424836602 0.02832244008714597
