1 0.046840958605664486 0.5008169934640523 0.08932461873638345 0.9983660130718954
1 0.12309368191721133 0.5008169934640523 0.10239651416122005 0.9983660130718954
1 0.27124183006535946 0.5008169934640523 0.09803921568627451 0.9983660130718954
1 0.3867102396514161 0.315359477124183 0.04139433551198257 0.6274509803921569
1 0.46405228758169936 0.3235294117647059 0.10893246187363835 0.6437908496732027
1 0.5762527233115469 0.4084967320261438 0.09368191721132897 0.8137254901960784
1 0.6721132897603486 0.3611111111111111 0.0718954248366013 0.7189542483660131
1 0.7690631808278867 0.40604575163398693 0.18736383442265794 0.8088235294117647
1 0.8877995642701525 0.3055555555555556 0.09803921568627451 0.6078431372549019
1 0.9509803921568627 0.315359477124183 0.09803921568627451 0.6274509803921569
