1 0.29901960784313725 0.22549019607843138 0.5065359477124183 0.05392156862745098
1 0.16176470588235295 0.3272058823529412 0.3202614379084967 0.031862745098039214
1 0.3202614379084967 0.3700980392156863 0.6372549019607843 0.03431372549019608
1 0.15196078431372548 0.40808823529411764 0.3006535947712418 0.031862745098039214
1 0.315359477124183 0.4375 0.6274509803921569 0.031862745098039214
1 0.29901960784313725 0.47549019607843135 0.5947712418300654 0.0392156862745098
1 0.29983660130718953 0.5134803921568627 0.5964052287581699 0.031862745098039214
1 0.16911764705882354 0.5514705882352942 0.3349673202614379 0.024509803921568627
1 0.15359477124183007 0.6041666666666666 0.30392156862745096 0.02696078431372549
1 0.3709150326797386 0.6421568627450981 0.738562091503268 0.0392156862745098
1 0.3946078431372549 0.6776960784313726 0.7859477124183006 0.02696078431372549
1 0.4035947712418301 0.7095588235294118 0.803921568627451 0.031862745098039214
1 0.43300653594771243 0.75 0.8627450980392157 0.0392156862745098
1 0.30637254901960786 0.7830882352941176 0.6094771241830066 0.022058823529411766
1 0.2622549019607843 0.8235294117647058 0.5212418300653595 0.03431372549019608
1 0.5008169934640523 0.946078431372549 0.9983660130718954 0.07352941176470588
1 0.15196078431372548 0.9889705882352942 0.3006535947712418 0.022058823529411766
3 0.059640522875817 0.13848039215686275 0.11601307189542484 0.27205882352941174
3 0.8325163398692811 0.49754901960784315 0.04411764705882353 0.05392156862745098
3 0.8741830065359477 0.24387254901960784 0.08169934640522876 0.13480392156862744
3 0.9624183006535948 0.1948529411764706 0.07516339869281045 0.11029411764705882
