1 0.7090909090909091 0.9103194103194103 0.5181818181818182 0.17936117936117937
1 0.43636363636363634 0.2641277641277641 0.07272727272727272 0.056511056511056514
1 0.6909090909090909 0.36977886977886976 0.12727272727272726 0.06633906633906633
1 0.7272727272727273 0.4742014742014742 0.08181818181818182 0.10319410319410319
1 0.8068181818181818 0.4742014742014742 0.08636363636363636 0.05896805896805897
1 0.8886363636363637 0.5233415233415234 0.10454545454545454 0.10810810810810811
1 0.36818181818181817 0.029484029484029485 0.07272727272727272 0.05405405405405406
1 0.5977272727272728 0.11056511056511056 0.17727272727272728 0.09828009828009827
1 0.8295454545454546 0.17936117936117937 0.09545454545454546 0.16707616707616707
1 0.8136363636363636 0.042997542997543 0.1 0.07125307125307126
1 0.6090909090909091 0.018427518427518427 0.02727272727272727 0.02702702702702703
1 0.38181818181818183 0.8194103194103194 0.03636363636363636 0.02702702702702703
