3 0.5098039215686274 0.4624183006535948 0.6323529411764706 0.30718954248366015
2 0.31862745098039214 0.4812091503267974 0.10784313725490197 0.119281045751634
2 0.3860294117647059 0.41830065359477125 0.25735294117647056 0.0392156862745098
2 0.36887254901960786 0.5106209150326797 0.04656862745098039 0.03104575163398693
2 0.5 0.5147058823529411 0.28921568627450983 0.029411764705882353
2 0.4056372549019608 0.5228758169934641 0.02696078431372549 0.06862745098039216
2 0.47671568627450983 0.5269607843137255 0.03676470588235294 0.08006535947712418
2 0.49264705882352944 0.4550653594771242 0.0392156862745098 0.07026143790849673
2 0.49387254901960786 0.5269607843137255 0.012254901960784314 0.07679738562091504
2 0.5183823529411765 0.5310457516339869 0.031862745098039214 0.058823529411764705
2 0.5759803921568627 0.5130718954248366 0.024509803921568627 0.1111111111111111
0 0.7058823529411765 0.5825163398692811 0.17647058823529413 0.05065359477124183
