1 0.3004201680672269 0.36764705882352944 0.17542016806722688 0.7345938375350141
1 0.07746848739495799 0.27503501400560226 0.007878151260504201 0.014355742296918767
1 0.13918067226890757 0.25927871148459386 0.018907563025210083 0.05287114845938375
1 0.10714285714285714 0.4681372549019608 0.009453781512605041 0.004901960784313725
1 0.15493697478991597 0.5208333333333334 0.007352941176470588 0.005252100840336135
1 0.1404936974789916 0.46673669467787116 0.013130252100840336 0.004901960784313725
1 0.18592436974789917 0.4572829131652661 0.023109243697478993 0.0273109243697479
1 0.2536764705882353 0.46586134453781514 0.009453781512605041 0.005952380952380952
1 0.31092436974789917 0.46726190476190477 0.01680672268907563 0.00665266106442577
1 0.35084033613445376 0.46568627450980393 0.01680672268907563 0.004901960784313725
1 0.37683823529411764 0.45973389355742295 0.022584033613445378 0.018907563025210083
1 0.4007352941176471 0.46726190476190477 0.01995798319327731 0.009453781512605041
1 0.44669117647058826 0.46586134453781514 0.006827731092436975 0.007352941176470588
1 0.5154936974789915 0.4681372549019608 0.01207983193277311 0.00980392156862745
1 0.5328256302521008 0.4497549019607843 0.006827731092436975 0.005252100840336135
1 0.5483193277310925 0.46130952380952384 0.009453781512605041 0.010854341736694677
1 0.5598739495798319 0.45063025210084034 0.0063025210084033615 0.011204481792717087
1 0.5782563025210085 0.46235994397759106 0.004201680672268907 0.003851540616246499
1 0.6134453781512605 0.4632352941176471 0.009453781512605041 0.015406162464985995
1 0.804359243697479 0.3707983193277311 0.03939075630252101 0.7408963585434174
3 0.8700105042016807 0.7044817927170869 0.2599789915966387 0.09103641456582633
