1 0.7988445378151261 0.4317226890756303 0.1638655462184874 0.8627450980392157
1 0.9393382352941176 0.4317226890756303 0.1213235294117647 0.8627450980392157
1 0.39810924369747897 0.08403361344537816 0.014705882352941176 0.014705882352941176
1 0.20036764705882354 0.5875350140056023 0.008928571428571428 0.028711484593837534
1 0.10451680672268908 0.5070028011204482 0.007352941176470588 0.0063025210084033615
1 0.12578781512605042 0.507703081232493 0.008928571428571428 0.004201680672268907
1 0.17673319327731093 0.5084033613445378 0.009978991596638655 0.004201680672268907
1 0.22977941176470587 0.5113795518207283 0.011029411764705883 0.007352941176470588
1 0.2964810924369748 0.5080532212885154 0.004726890756302521 0.0035014005602240898
1 0.35005252100840334 0.5071778711484594 0.007878151260504201 0.007352941176470588
1 0.4028361344537815 0.5108543417366946 0.022058823529411766 0.0056022408963585435
1 0.4317226890756303 0.5108543417366946 0.008403361344537815 0.004201680672268907
1 0.6097689075630253 0.5127801120448179 0.012605042016806723 0.0031512605042016808
