3 0.17791666666666667 0.203875 0.03283333333333333 0.04125
2 0.17391666666666666 0.210625 0.0155 0.02625
3 0.2589166666666667 0.221375 0.03983333333333333 0.06275
2 0.2599166666666667 0.226125 0.0145 0.03425
3 0.29583333333333334 0.2515 0.017333333333333333 0.0265
2 0.2995833333333333 0.249875 0.007166666666666667 0.02175
3 0.35791666666666666 0.269875 0.012833333333333334 0.02025
2 0.359 0.26975 0.005666666666666667 0.014
3 0.4335833333333333 0.27775 0.0225 0.0335
2 0.4285 0.2845 0.008 0.024
3 0.6504166666666666 0.344375 0.0425 0.04875
2 0.6461666666666667 0.3655 0.006666666666666667 0.0375
3 0.7439166666666667 0.402875 0.0285 0.05175
2 0.7414166666666666 0.40375 0.006166666666666667 0.029
1 0.7549166666666667 0.411875 0.0045 0.00725
1 0.7415 0.423125 0.0033333333333333335 0.00975
1 0.7404166666666666 0.38725 0.0021666666666666666 0.005
3 0.46975 0.199 0.005166666666666667 0.0095
