3 0.156 0.3865 0.03833333333333333 0.068
2 0.16383333333333333 0.395875 0.006 0.02975
1 0.19458333333333333 0.499875 0.008833333333333334 0.00825
3 0.5234166666666666 0.401 0.0295 0.023
3 0.5375833333333333 0.42625 0.017833333333333333 0.0205
3 0.5675 0.4245 0.007666666666666666 0.0145
3 0.58425 0.366875 0.005833333333333334 0.01225
3 0.6250833333333333 0.383125 0.0505 0.01825
3 0.64125 0.4535 0.0125 0.0095
3 0.6808333333333333 0.434625 0.063 0.04225
3 0.6709166666666667 0.473125 0.0205 0.01125
3 0.6903333333333334 0.473125 0.013333333333333334 0.00875
3 0.7054166666666667 0.36975 0.03216666666666667 0.033
3 0.7396666666666667 0.423 0.013333333333333334 0.008
3 0.7531666666666667 0.421875 0.011666666666666667 0.01925
3 0.768 0.42925 0.011666666666666667 0.0135
3 0.79 0.37625 0.034666666666666665 0.0345
3 0.8038333333333333 0.350125 0.005666666666666667 0.00825
3 0.8129166666666666 0.4865 0.036833333333333336 0.014
3 0.774 0.5505 0.006 0.007
3 0.7790833333333333 0.516625 0.009166666666666667 0.00625
3 0.7800833333333334 0.539 0.006833333333333334 0.0085
3 0.6778333333333333 0.496125 0.016666666666666666 0.01075
3 0.5888333333333333 0.517 0.009666666666666667 0.0065
3 0.6281666666666667 0.520875 0.01633333333333333 0.00925
3 0.5898333333333333 0.525125 0.025333333333333333 0.00875
