3 0.5044166666666666 0.535875 0.036166666666666666 0.09025
2 0.49916666666666665 0.541875 0.01 0.07075
2 0.5051666666666667 0.542375 0.011333333333333334 0.07025
3 0.3476666666666667 0.499875 0.010333333333333333 0.05225
2 0.34875 0.49125 0.004166666666666667 0.0205
2 0.34675 0.515 0.0035 0.0165
2 0.24508333333333332 0.46675 0.0028333333333333335 0.012
2 0.22208333333333333 0.396875 0.0031666666666666666 0.01575
2 0.23491666666666666 0.334125 0.0021666666666666666 0.03875
3 0.23333333333333334 0.335625 0.007 0.04725
2 0.235 0.2945 0.002 0.015
