3 0.3374565972222222 0.8871527777777778 0.10894097222222222 0.04513888888888889
2 0.3560112847222222 0.8919270833333334 0.044921875 0.011863425925925927
2 0.3059895833333333 0.8916377314814815 0.03298611111111111 0.010127314814814815
3 0.5953776041666666 0.33130787037037035 0.10611979166666667 0.03819444444444445
2 0.5972222222222222 0.33579282407407407 0.09071180555555555 0.015914351851851853
2 0.6704644097222222 0.3269675925925926 0.026692708333333332 0.005208333333333333
2 0.4599609375 0.2977430555555556 0.03146701388888889 0.010416666666666666
2 0.3359375 0.4201388888888889 0.023871527777777776 0.00636574074074074
1 0.19954427083333334 0.17100694444444445 0.064453125 0.16493055555555555
1 0.2482638888888889 0.1127025462962963 0.024739583333333332 0.021701388888888888
1 0.20106336805555555 0.28501157407407407 0.04796006944444445 0.0630787037037037
1 0.1970486111111111 0.37702546296296297 0.018663194444444444 0.032407407407407406
3 0.1635199652777778 0.8256655092592593 0.03884548611111111 0.022858796296296297
2 0.1625434027777778 0.8256655092592593 0.03428819444444445 0.011284722222222222
