3 0.4469401041666667 0.42173032407407407 0.0935329861111111 0.1675347222222222
2 0.4330512152777778 0.4476273148148148 0.006727430555555556 0.07696759259259259
2 0.4567057291666667 0.45326967592592593 0.03927951388888889 0.01070601851851852
1 0.4206814236111111 0.45384837962962965 0.018012152777777776 0.05642361111111111
1 0.4467230902777778 0.42505787037037035 0.008029513888888888 0.015046296296296295
1 0.76171875 0.7680844907407407 0.006076388888888889 0.009548611111111112
2 0.935546875 0.6682581018518519 0.008680555555555556 0.004918981481481482
2 0.9488932291666666 0.6727430555555556 0.010633680555555556 0.008680555555555556
2 0.9651692708333334 0.6692708333333334 0.004557291666666667 0.004629629629629629
2 0.9391276041666666 0.7118055555555556 0.006293402777777778 0.00636574074074074
1 0.8982204861111112 0.8498263888888888 0.006076388888888889 0.007523148148148148
1 0.8783637152777778 0.8965567129629629 0.013237847222222222 0.01070601851851852
1 0.8487413194444444 0.9418402777777778 0.039496527777777776 0.11631944444444445
