3 0.5003489183531054 0.28326848249027237 0.9993021632937893 0.5649805447470817
2 0.3053035589672017 0.23463035019455253 0.09699930216329379 0.467704280155642
2 0.5572226099092812 0.2630350194552529 0.08722958827634333 0.5245136186770428
2 0.8220516399162596 0.266147859922179 0.061409630146545706 0.5307392996108949
2 0.6901605024424284 0.1 0.619678995115143 0.07081712062256809
2 0.4096301465457083 0.17315175097276264 0.18143754361479414 0.047470817120622566
2 0.6821353803210048 0.1840466926070039 0.23377529658060014 0.07237354085603113
2 0.9148639218422889 0.1622568093385214 0.10746685275645498 0.0178988326848249
2 0.9218422889043963 0.19143968871595332 0.13398464759246337 0.038910505836575876
2 0.3900907187718074 0.2688715953307393 0.0837404047452896 0.03501945525291829
2 0.6828332170272157 0.3066147859922179 0.12770411723656663 0.04202334630350195
2 0.4605722260990928 0.3817120622568093 0.1688764829030007 0.036575875486381325
2 0.4727843684577809 0.4287937743190661 0.16538729937194696 0.02801556420233463
2 0.6880669923237962 0.3867704280155642 0.26378227494766227 0.024902723735408562
2 0.7030704815073273 0.41673151750972764 0.23656664340544312 0.03501945525291829
2 0.7131891137473831 0.5007782101167315 0.2288904396371249 0.03501945525291829
2 0.9298674110258199 0.5159533073929962 0.14026517794836008 0.02801556420233463
2 0.9026517794836009 0.433852140077821 0.12770411723656663 0.008560311284046693
2 0.9012561060711793 0.422568093385214 0.1332868108862526 0.014007782101167316
2 0.7400558269364969 0.23852140077821013 0.11793440334961619 0.024124513618677044
