3 0.5002915451895044 0.24386503067484663 0.9994169096209913 0.46319018404907975
2 0.19067055393586005 0.22392638036809817 0.018658892128279883 0.2985685071574642
2 0.07696793002915452 0.36298568507157464 0.11428571428571428 0.03680981595092025
2 0.07492711370262391 0.2085889570552147 0.14868804664723032 0.024539877300613498
2 0.08309037900874636 0.261758691206544 0.16501457725947521 0.03067484662576687
2 0.07784256559766764 0.23415132924335377 0.15451895043731778 0.024539877300613498
2 0.30262390670553935 0.21830265848670757 0.1597667638483965 0.02965235173824131
2 0.2927113702623907 0.266359918200409 0.18892128279883383 0.02556237218813906
2 0.30466472303207 0.37014314928425357 0.16501457725947521 0.032719836400818
2 0.4061224489795918 0.2331288343558282 0.030903790087463558 0.3312883435582822
2 0.5125364431486881 0.37372188139059304 0.16326530612244897 0.03783231083844581
2 0.5002915451895044 0.2658486707566462 0.13760932944606413 0.022494887525562373
2 0.5247813411078717 0.21932515337423314 0.19825072886297376 0.027607361963190184
2 0.6329446064139942 0.21267893660531698 0.06588921282798833 0.33537832310838445
2 0.7029154518950438 0.36503067484662577 0.15568513119533528 0.03885480572597137
2 0.7279883381924198 0.21370143149284254 0.18017492711370262 0.03885480572597137
2 0.8285714285714286 0.21881390593047034 0.05830903790087463 0.3496932515337423
2 0.8842565597667639 0.36349693251533743 0.1206997084548105 0.02965235173824131
2 0.9262390670553936 0.20705521472392638 0.14752186588921282 0.027607361963190184
2 0.673469387755102 0.25971370143149286 0.0793002915451895 0.022494887525562373
2 0.755393586005831 0.2893660531697341 0.06588921282798833 0.022494887525562373
2 0.9212827988338192 0.27556237218813906 0.13527696793002916 0.02556237218813906
