3 0.5067160087719298 0.44883040935672514 0.32648026315789475 0.5409356725146199
2 0.512609649122807 0.4517543859649123 0.1875 0.062134502923976605
2 0.45586622807017546 0.4830043859649123 0.027960526315789474 0.0720029239766082
0 0.3980263157894737 0.2150950292397661 0.017543859649122806 0.13925438596491227
0 0.07264254385964912 0.3042763157894737 0.13048245614035087 0.3892543859649123
0 0.47436951754385964 0.7755847953216374 0.060032894736842105 0.27631578947368424
0 0.5897752192982456 0.6328581871345029 0.01781798245614035 0.16630116959064328
0 0.5631853070175439 0.8260233918128655 0.007949561403508772 0.12792397660818713
0 0.21751644736842105 0.70796783625731 0.12088815789473684 0.2953216374269006
0 0.1415844298245614 0.35252192982456143 0.0381030701754386 0.12463450292397661
