3 0.5902686041391457 0.1926070038910506 0.3130779392338177 0.38132295719844356
0 0.4046675473359753 0.058365758754863814 0.07573756054601496 0.07782101167315175
0 0.7276530162923822 0.17217898832684825 0.03742844561867019 0.06031128404669261
0 0.753412593571114 0.16245136186770429 0.08190224570673713 0.07587548638132295
2 0.5768383971818583 0.11186770428015565 0.2527520915896081 0.07587548638132295
2 0.5523998238661383 0.21595330739299612 0.01453104359313078 0.17509727626459143
2 0.6003963011889035 0.20914396887159534 0.016292382210479964 0.15369649805447472
2 0.5777190664905328 0.29571984435797666 0.04227212681638045 0.0622568093385214
2 0.5730955526199912 0.23638132295719844 0.04095112285336856 0.033073929961089495
2 0.5772787318361955 0.1867704280155642 0.04227212681638045 0.0311284046692607
2 0.5055041831792162 0.14785992217898833 0.011448701012769706 0.08949416342412451
