0 0.43300248138957814 0.08412698412698413 0.3920595533498759 0.047619047619047616
2 0.19851116625310175 0.17222222222222222 0.17121588089330025 0.05555555555555555
2 0.03660049627791563 0.4126984126984127 0.04094292803970223 0.1365079365079365
2 0.06761786600496278 0.32301587301587303 0.060794044665012405 0.23015873015873015
2 0.08064516129032258 0.2650793650793651 0.08188585607940446 0.43174603174603177
2 0.7766749379652605 0.6492063492063492 0.04466501240694789 0.19047619047619047
2 0.7549627791563276 0.1761904761904762 0.49007444168734493 0.05714285714285714
2 0.8622828784119106 0.4603174603174603 0.11166253101736973 0.780952380952381
0 0.7189826302729528 0.3523809523809524 0.21712158808933002 0.24444444444444444
0 0.5688585607940446 0.31666666666666665 0.1575682382133995 0.07777777777777778
0 0.23387096774193547 0.4357142857142857 0.22456575682382135 0.12222222222222222
