1 0.24347826086956523 0.7285539215686274 0.06817391304347827 0.17892156862745098
1 0.38017391304347825 0.734375 0.13217391304347825 0.15379901960784315
1 0.4820869565217391 0.7512254901960784 0.04034782608695652 0.09436274509803921
1 0.47547826086956524 0.8140318627450981 0.0076521739130434785 0.010416666666666666
1 0.5050434782608696 0.6605392156862745 0.013217391304347827 0.01715686274509804
2 0.568 0.6344975490196079 0.02782608695652174 0.010416666666666666
1 0.5819130434782609 0.7487745098039216 0.010434782608695653 0.04044117647058824
2 0.6078260869565217 0.7791053921568627 0.03304347826086956 0.0974264705882353
1 0.7076521739130435 0.7322303921568627 0.0942608695652174 0.1875
1 0.8662608695652174 0.7313112745098039 0.1262608695652174 0.13786764705882354
1 0.8940869565217391 0.640625 0.06434782608695652 0.012867647058823529
