1 0.08850931677018634 0.2853969194312796 0.17598343685300208 0.044727488151658765
1 0.2013457556935818 0.3012440758293839 0.09006211180124224 0.03317535545023697
1 0.2774327122153209 0.27265995260663506 0.018633540372670808 0.00740521327014218
2 0.38457556935817805 0.26851303317535546 0.045548654244306416 0.003258293838862559
2 0.3869047619047619 0.31161137440758296 0.08436853002070394 0.026066350710900472
1 0.5566770186335404 0.3037618483412322 0.17753623188405798 0.04650473933649289
1 0.8209109730848861 0.30924170616113744 0.20496894409937888 0.037322274881516584
2 0.8532608695652174 0.28480450236966826 0.028467908902691512 0.003258293838862559
2 0.9078674948240165 0.2865817535545024 0.049689440993788817 0.005627962085308057
2 0.7978778467908902 0.3406398104265403 0.03778467908902691 0.004146919431279621
1 0.7368012422360248 0.620260663507109 0.5263975155279503 0.3915876777251185
