3 0.5001085069444444 0.7144097222222222 0.9997829861111112 0.5711805555555556
2 0.2901475694444444 0.7932581018518519 0.08680555555555555 0.3058449074074074
2 0.7727864583333334 0.8003472222222222 0.05381944444444445 0.2662037037037037
1 0.5716145833333334 0.6889467592592593 0.3272569444444444 0.14756944444444445
1 0.3505859375 0.7890625 0.037543402777777776 0.04513888888888889
1 0.4454210069444444 0.8557581018518519 0.012369791666666666 0.015914351851851853
1 0.4708116319444444 0.7999131944444444 0.027560763888888888 0.04600694444444445
1 0.4833984375 0.8595196759259259 0.052300347222222224 0.0703125
1 0.5046657986111112 0.7633101851851852 0.021484375 0.019675925925925927
1 0.5388454861111112 0.7799479166666666 0.03342013888888889 0.021701388888888888
1 0.6245659722222222 0.8090277777777778 0.1154513888888889 0.13136574074074073
1 0.9187282986111112 0.8919270833333334 0.1625434027777778 0.18200231481481483
1 0.5842013888888888 0.9126157407407407 0.032552083333333336 0.04282407407407408
