3 0.3075086805555556 0.1605902777777778 0.04904513888888889 0.02546296296296296
3 0.5840928819444444 0.15914351851851852 0.039713541666666664 0.02546296296296296
2 0.5914713541666666 0.15219907407407407 0.019314236111111112 0.008101851851851851
2 0.3597005208333333 0.5487557870370371 0.09223090277777778 0.015914351851851853
2 0.4702690972222222 0.5481770833333334 0.0837673611111111 0.021122685185185185
2 0.5482855902777778 0.5494791666666666 0.05099826388888889 0.020833333333333332
3 0.3589409722222222 0.5389178240740741 0.1032986111111111 0.0685763888888889
3 0.47265625 0.5542534722222222 0.08854166666666667 0.03616898148148148
3 0.5580512152777778 0.5447048611111112 0.07573784722222222 0.05642361111111111
2 0.9361979166666666 0.9700520833333334 0.04079861111111111 0.04658564814814815
2 0.8683810763888888 0.9379340277777778 0.007595486111111111 0.04658564814814815
2 0.8873697916666666 0.9852430555555556 0.010850694444444444 0.029513888888888888
2 0.8062065972222222 0.1724537037037037 0.005642361111111111 0.019675925925925927
2 0.8068576388888888 0.12861689814814814 0.005208333333333333 0.015914351851851853
2 0.8217230902777778 0.10546875 0.009765625 0.006076388888888889
2 0.9713541666666666 0.06452546296296297 0.016927083333333332 0.017361111111111112
2 0.2744140625 0.7771990740740741 0.004991319444444444 0.03761574074074074
2 0.2853732638888889 0.7434895833333334 0.009982638888888888 0.01707175925925926
2 0.9007161458333334 0.5601851851851852 0.006727430555555556 0.015046296296296295
2 0.9105902777777778 0.5474537037037037 0.010850694444444444 0.004629629629629629
2 0.9253472222222222 0.5416666666666666 0.010416666666666666 0.015046296296296295
2 0.7903645833333334 0.3958333333333333 0.008680555555555556 0.007523148148148148
2 0.7051866319444444 0.1361400462962963 0.011935763888888888 0.008969907407407407
2 0.7201605902777778 0.1511863425925926 0.009331597222222222 0.01707175925925926
