2 0.37222222222222223 0.7952835648148148 0.09239766081871345 0.020543981481481483
2 0.39473684210526316 0.7129629629629629 0.06491228070175438 0.026041666666666668
2 0.4232456140350877 0.6511863425925926 0.0195906432748538 0.022858796296296297
2 0.8152046783625732 0.7379918981481481 0.06432748538011696 0.019965277777777776
2 0.8159356725146198 0.6273148148148148 0.06695906432748538 0.02025462962962963
3 0.7777777777777778 0.9824942129629629 0.012280701754385965 0.014178240740740741
2 0.2976608187134503 0.6569733796296297 0.008187134502923977 0.02228009259259259
2 0.31491228070175437 0.7952835648148148 0.008771929824561403 0.010127314814814815
2 0.2833333333333333 0.7703993055555556 0.006432748538011696 0.006655092592592593
2 0.29853801169590644 0.7892071759259259 0.004678362573099415 0.0078125
2 0.30467836257309944 0.8386863425925926 0.00760233918128655 0.008391203703703705
2 0.29005847953216374 0.8287037037037037 0.011695906432748537 0.005787037037037037
2 0.02631578947368421 0.6294849537037037 0.0029239766081871343 0.009548611111111112
2 0.043859649122807015 0.5078125 0.01929824561403509 0.006944444444444444
2 0.031871345029239766 0.4574652777777778 0.007017543859649123 0.003472222222222222
