3 0.3957248263888889 0.2599826388888889 0.791015625 0.5193865740740741
0 0.8835720486111112 0.4849537037037037 0.2328559027777778 0.05439814814814815
0 0.8955078125 0.3923611111111111 0.208984375 0.041087962962962965
1 0.05750868055555555 0.12254050925925926 0.11458333333333333 0.08130787037037036
2 0.04296875 0.22743055555555555 0.08550347222222222 0.019097222222222224
2 0.05284288194444445 0.32450810185185186 0.1052517361111111 0.03501157407407408
2 0.1459418402777778 0.2332175925925926 0.028428819444444444 0.2621527777777778
2 0.16829427083333334 0.21469907407407407 0.035807291666666664 0.22974537037037038
2 0.2001953125 0.14771412037037038 0.043619791666666664 0.008391203703703705
1 0.2165798611111111 0.14597800925925927 0.07769097222222222 0.03501157407407408
1 0.2979600694444444 0.15147569444444445 0.062065972222222224 0.03616898148148148
1 0.3394097222222222 0.16782407407407407 0.026475694444444444 0.019675925925925927
1 0.2645399305555556 0.2533275462962963 0.17491319444444445 0.05237268518518518
2 0.2815755208333333 0.37485532407407407 0.16471354166666666 0.035590277777777776
1 0.3131510416666667 0.36125578703703703 0.2751736111111111 0.09693287037037036
1 0.408203125 0.33203125 0.037760416666666664 0.027488425925925927
1 0.3777126736111111 0.2582465277777778 0.07356770833333333 0.11950231481481481
2 0.4455295138888889 0.28501157407407407 0.06032986111111111 0.2569444444444444
2 0.4751519097222222 0.26765046296296297 0.045355902777777776 0.23148148148148148
1 0.5317925347222222 0.30656828703703703 0.09830729166666667 0.09403935185185185
1 0.5958116319444444 0.41811342592592593 0.2150607638888889 0.05555555555555555
2 0.5989583333333334 0.4227430555555556 0.16536458333333334 0.04398148148148148
1 0.5974392361111112 0.20572916666666666 0.1801215277777778 0.0625
2 0.7482638888888888 0.37991898148148145 0.03298611111111111 0.13483796296296297
1 0.7803819444444444 0.4788773148148148 0.021701388888888888 0.03761574074074074
