3 0.4598526703499079 0.4193819281155526 0.9189686924493554 0.42761168962042323
2 0.07255985267034991 0.4225730601276453 0.1443830570902394 0.018810883439704402
2 0.07532228360957642 0.5285522337924085 0.14990791896869246 0.026536781995297277
2 0.3756906077348066 0.5429963050050386 0.2703499079189687 0.03056768558951965
2 0.33554327808471457 0.4254282835068861 0.1723756906077348 0.012428619415518979
1 0.305524861878453 0.30987571380584483 0.08802946593001841 0.03594222371514948
1 0.3952117863720074 0.3110513940208263 0.061878453038674036 0.036949949613705076
1 0.4843462246777164 0.4410480349344978 0.0987108655616943 0.09606986899563319
2 0.7294659300184162 0.541988579106483 0.2279926335174954 0.03728585824655694
1 0.6646408839779006 0.43013100436681223 0.11233885819521179 0.08498488411152166
2 0.21031307550644568 0.4160228417870339 0.03609576427255985 0.269734632180047
2 0.2287292817679558 0.4079610345985892 0.038305709023941065 0.24420557608330534
2 0.5605893186003683 0.4338259993281827 0.04788213627992634 0.24487739334900907
2 0.5876611418047882 0.41820624790057104 0.02394106813996317 0.22640241854215654
