3 0.5001085304970697 0.5606575963718821 0.9997829390058607 0.8684807256235828
2 0.037877143477317125 0.8415532879818595 0.021054916431517256 0.23072562358276644
1 0.22259604948990666 0.8486394557823129 0.25461254612546125 0.26303854875283444
1 0.4176253527241155 0.7908163265306123 0.12763186455393966 0.10430839002267574
1 0.5319079661384849 0.7525510204081632 0.025830258302583026 0.06179138321995465
2 0.5520946385934448 0.8327664399092971 0.02192316040807467 0.18820861678004536
1 0.6061428261341437 0.8435374149659864 0.037551551986108093 0.05328798185941043
2 0.6964401996961146 0.8205782312925171 0.013240720642500543 0.15816326530612246
2 0.9354243542435424 0.7528344671201814 0.09138267853266768 0.04195011337868481
1 0.8699804645105275 0.7534013605442177 0.2600390709789451 0.1689342403628118
