3 0.5001085304970697 0.4241443108233117 0.9997829390058607 0.7742830712303422
1 0.03603212502713263 0.4049491211840888 0.07163012806598654 0.1419981498612396
1 0.036683308009550684 0.5672987974098057 0.07293249403082266 0.09481961147086032
2 0.08302583025830258 0.5039315448658649 0.020186672454959843 0.3926919518963922
2 0.10212719774256566 0.4939870490286771 0.014977208595615368 0.4116558741905643
2 0.13240720642500542 0.4405642923219241 0.03603212502713263 0.22432932469935246
1 0.23800738007380073 0.4433395004625347 0.05014108964619058 0.02543940795559667
1 0.31897113088777945 0.4144310823311748 0.10787931408725852 0.08603145235892692
1 0.3612980247449533 0.316836262719704 0.04753635771651834 0.16743755781683625
1 0.342956370740178 0.5427844588344126 0.06034295637074018 0.06429232192414432
1 0.24603863685695682 0.5580481036077706 0.13132190145430866 0.07446808510638298
2 0.18775775993054047 0.7419056429232193 0.10375515519861081 0.036077705827937095
1 0.16095072715433037 0.7497687326549491 0.18385066203603212 0.06753006475485661
2 0.3975472107662253 0.4780296022201665 0.02886911222053397 0.4935245143385754
2 0.42066420664206644 0.48103607770582796 0.021706099413935316 0.42368177613321
2 0.5726069025396137 0.3374190564292322 0.1988278706316475 0.03746530989824237
2 0.5570870414586498 0.5425531914893617 0.23551117864119817 0.06567992599444958
2 0.576514000434122 0.7104532839962997 0.2669850227914044 0.05550416281221091
1 0.5023876709355329 0.3973172987974098 0.1408725851964402 0.07955596669750231
1 0.6758194052528761 0.408418131359852 0.03407857607987844 0.04440333024976873
2 0.7584111135228999 0.47987974098057357 0.02474495333188626 0.4842738205365402
2 0.7860863902756675 0.4616096207215541 0.03407857607987844 0.42645698427382056
1 0.7324723247232472 0.47849213691026826 0.041024527892337743 0.5851063829787234
1 0.8955936618189712 0.32469935245143383 0.20881267636205775 0.11100832562442182
2 0.849359670067289 0.5254394079555966 0.10853049706967657 0.0425531914893617
1 0.8975472107662253 0.5219703977798335 0.2049055784675494 0.24190564292321926
2 0.9019969611460821 0.6829324699352451 0.1960060777078359 0.05226641998149861
1 0.747666594313002 0.8924606845513413 0.036683308009550684 0.016188714153561518
1 0.7717603646624701 0.8656336725254394 0.012806598654221837 0.020814061054579093
