3 0.5001085069444444 0.5433287482806052 0.9997829861111112 0.9133425034387895
1 0.5001085069444444 0.43638239339752405 0.9997829861111112 0.24965612104539203
1 0.2794053819444444 0.828748280605227 0.018880208333333332 0.20495185694635487
2 0.5643446180555556 0.6936038514442916 0.023654513888888888 0.2551581843191197
2 0.587890625 0.7400275103163686 0.031684027777777776 0.40440165061898214
2 0.7299262152777778 0.9191884456671252 0.22200520833333334 0.041953232462173314
2 0.7631293402777778 0.7527510316368639 0.201171875 0.0639614855570839
1 0.7451171875 0.6279229711141678 0.228515625 0.1499312242090784
2 0.9365234375 0.6932599724896836 0.05577256944444445 0.2668500687757909
2 0.9552951388888888 0.6750343878954608 0.04904513888888889 0.3624484181568088
1 0.6318359375 0.6973865199449794 0.061848958333333336 0.11966987620357634
