3 0.5001085304970697 0.4268385140257771 0.9997829390058607 0.5686125852918877
1 0.05459084002604732 0.4048521607278241 0.10874755806381593 0.07202426080363912
1 0.049706967657911875 0.47308567096285065 0.028652051226394616 0.045489006823351025
1 0.061211200347297594 0.5187642153146323 0.12198827870631647 0.09590598938589841
2 0.04384632081614934 0.653904473085671 0.08725851964401997 0.03335860500379075
2 0.13707401779900152 0.48161485974222895 0.014977208595615368 0.3089461713419257
2 0.15031473844150206 0.48351023502653523 0.014977208595615368 0.31425322213798335
1 0.11992619926199262 0.39651250947687644 0.025830258302583026 0.08339651250947688
1 0.1690905144345561 0.434040940106141 0.02257434339049273 0.17437452615617893
1 0.18949424788365532 0.6448066717210008 0.11113522899934881 0.058377558756633814
1 0.24256566095072715 0.5089082638362395 0.08356848274365096 0.06178923426838514
1 0.2901020186672455 0.39670204700530703 0.062296505317994355 0.05344958301743745
1 0.3073583677013241 0.4914708112206217 0.046016930757542866 0.0511751326762699
2 0.34035163881050573 0.44996209249431385 0.014760147601476014 0.36694465504169826
2 0.3539179509442153 0.4507202426080364 0.02192316040807467 0.3297952994692949
1 0.452680703277621 0.3498862774829416 0.17907532016496636 0.06899166034874905
2 0.4410679400911656 0.48786959818043973 0.12806598654221837 0.03411675511751327
2 0.4553939657043629 0.616565579984837 0.16409811156935097 0.04814253222137983
1 0.518775775993054 0.3991660348749052 0.01996961146082049 0.029567854435178165
2 0.5695680486216627 0.4372630780894617 0.01172129368352507 0.36429112964366944
2 0.5853049706967658 0.4372630780894617 0.017581940525287606 0.35140257771038663
1 0.6779900151942696 0.3157695223654284 0.16778814846971998 0.0803639120545868
2 0.6587801172129368 0.45962850644427594 0.11808118081180811 0.04435178165276725
2 0.6627957456045148 0.574677786201668 0.12915129151291513 0.039423805913570885
1 0.7075103103972216 0.4139499620924943 0.0514434556110267 0.04169825625473844
2 0.7864119817668765 0.41736163760424566 0.017364879531148254 0.3282789992418499
2 0.8009550683742132 0.43347232752084913 0.01910136748426308 0.3605003790750569
2 0.905361406555242 0.540940106141016 0.15454742782721945 0.05155420773313116
1 0.9052528760581724 0.288855193328279 0.18949424788365532 0.0712661106899166
2 0.8960277838072498 0.42266868840030325 0.1445626220968092 0.034874905231235785
1 0.8794226177555893 0.39196360879454134 0.10180160625135663 0.04397270659590599
1 0.8561970913826785 0.454510993176649 0.09528977642717604 0.04700530705079606
