1 0.30522993688007216 0.7457912457912458 0.6086564472497745 0.5084175084175084
1 0.5130748422001803 0.24691358024691357 0.18935978358881875 0.49158249158249157
3 0.31154192966636607 0.5937149270482603 0.033363390441839495 0.04489337822671156
3 0.38818755635707847 0.7143658810325477 0.060414788097385035 0.06397306397306397
3 0.3963029756537421 0.5656565656565656 0.015329125338142471 0.008978675645342313
3 0.47610459873760147 0.5572390572390572 0.016230838593327322 0.019079685746352413
3 0.48512173128944996 0.6200897867564534 0.012623985572587917 0.016835016835016835
3 0.45356176735798015 0.7255892255892256 0.019837691614066726 0.02356902356902357
3 0.45130748422001804 0.8512906846240179 0.02254283137962128 0.02356902356902357
3 0.5193868349864743 0.8153759820426487 0.04508566275924256 0.03479236812570146
