3 0.494475138121547 0.5416666666666666 0.7679558011049724 0.9166666666666666
2 0.43922651933701656 0.2916666666666667 0.292817679558011 0.23039215686274508
2 0.47513812154696133 0.35049019607843135 0.26519337016574585 0.18137254901960784
2 0.4723756906077348 0.42401960784313725 0.34806629834254144 0.2107843137254902
2 0.5 0.4877450980392157 0.35911602209944754 0.23039215686274508
2 0.5220994475138122 0.5686274509803921 0.4143646408839779 0.24509803921568626
2 0.5911602209944752 0.7426470588235294 0.46408839779005523 0.25980392156862747
2 0.585635359116022 0.8970588235294118 0.46408839779005523 0.20588235294117646
2 0.4088397790055249 0.5759803921568627 0.23204419889502761 0.8480392156862745
2 0.5276243093922652 0.6200980392156863 0.27071823204419887 0.7598039215686274
2 0.5994475138121547 0.6421568627450981 0.3149171270718232 0.7156862745098039
2 0.6961325966850829 0.6691176470588235 0.36464088397790057 0.6617647058823529
