1 0.11146496815286625 0.10038610038610038 0.21656050955414013 0.13127413127413126
1 0.05573248407643312 0.2702702702702703 0.10509554140127389 0.0694980694980695
1 0.23885350318471338 0.26640926640926643 0.10191082802547771 0.07722007722007722
1 0.339171974522293 0.2413127413127413 0.06687898089171974 0.06563706563706563
1 0.7261146496815286 0.26640926640926643 0.10828025477707007 0.05405405405405406
1 0.2945859872611465 0.7200772200772201 0.10509554140127389 0.0888030888030888
1 0.2929936305732484 0.9092664092664092 0.2229299363057325 0.18146718146718147
1 0.5238853503184714 0.8745173745173745 0.06050955414012739 0.09652509652509653
1 0.7133757961783439 0.8204633204633205 0.2929936305732484 0.3590733590733591
1 0.9187898089171974 0.750965250965251 0.08598726114649681 0.20463320463320464
