3 0.2989949748743719 0.8466386554621849 0.10552763819095477 0.12184873949579832
3 0.14321608040201006 0.23739495798319327 0.09547738693467336 0.27310924369747897
3 0.2663316582914573 0.38865546218487396 0.1306532663316583 0.27310924369747897
3 0.2889447236180904 0.634453781512605 0.08542713567839195 0.18487394957983194
3 0.3944723618090452 0.17647058823529413 0.07537688442211055 0.05042016806722689
3 0.4748743718592965 0.34663865546218486 0.1658291457286432 0.10504201680672269
3 0.4824120603015075 0.523109243697479 0.04020100502512563 0.0546218487394958
3 0.5402010050251256 0.5042016806722689 0.035175879396984924 0.05042016806722689
3 0.4623115577889447 0.7226890756302521 0.04020100502512563 0.058823529411764705
3 0.44974874371859297 0.7710084033613446 0.04522613065326633 0.029411764705882353
3 0.44221105527638194 0.8865546218487395 0.05025125628140704 0.03361344537815126
3 0.6482412060301508 0.8697478991596639 0.03015075376884422 0.04201680672268908
3 0.7060301507537688 0.8991596638655462 0.04522613065326633 0.04201680672268908
3 0.6331658291457286 0.9600840336134454 0.10050251256281408 0.07983193277310924
3 0.8542713567839196 0.1092436974789916 0.1708542713567839 0.15126050420168066
3 0.7788944723618091 0.22268907563025211 0.05025125628140704 0.058823529411764705
3 0.8894472361809045 0.23739495798319327 0.04020100502512563 0.02100840336134454
3 0.7788944723618091 0.3130252100840336 0.06030150753768844 0.0546218487394958
3 0.8894472361809045 0.3235294117647059 0.1507537688442211 0.07563025210084033
3 0.5577889447236181 0.9789915966386554 0.05025125628140704 0.04201680672268908
