3 0.35039370078740156 0.45 0.6850393700787402 0.8857142857142857
2 0.18110236220472442 0.03214285714285714 0.3464566929133858 0.02142857142857143
2 0.16535433070866143 0.08928571428571429 0.31496062992125984 0.02142857142857143
2 0.2440944881889764 0.15714285714285714 0.47244094488188976 0.02857142857142857
2 0.28346456692913385 0.23214285714285715 0.4566929133858268 0.02142857142857143
2 0.2677165354330709 0.325 0.4409448818897638 0.03571428571428571
2 0.2992125984251969 0.45 0.4251968503937008 0.02857142857142857
2 0.3425196850393701 0.5892857142857143 0.41732283464566927 0.03571428571428571
2 0.4251968503937008 0.7892857142857143 0.4409448818897638 0.03571428571428571
2 0.23622047244094488 0.43214285714285716 0.28346456692913385 0.85
2 0.421259842519685 0.38571428571428573 0.3858267716535433 0.7571428571428571
