3 0.5160256410256411 0.43137254901960786 0.967948717948718 0.84593837535014
2 0.27884615384615385 0.726890756302521 0.3141025641025641 0.03081232492997199
2 0.4198717948717949 0.6498599439775911 0.532051282051282 0.056022408963585436
2 0.5416666666666666 0.5658263305322129 0.5448717948717948 0.05042016806722689
2 0.6826923076923077 0.47198879551820727 0.5576923076923077 0.058823529411764705
2 0.8557692307692307 0.3851540616246499 0.28846153846153844 0.036414565826330535
2 0.8365384615384616 0.24509803921568626 0.3269230769230769 0.04201680672268908
2 0.592948717948718 0.5028011204481793 0.8141025641025641 0.484593837535014
2 0.9166666666666666 0.10784313725490197 0.11538461538461539 0.025210084033613446
2 0.7852564102564102 0.5448179271708683 0.42948717948717946 0.23809523809523808
