3 0.5008680555555556 0.5017605633802817 0.9982638888888888 0.9964788732394366
2 0.1076388888888889 0.6109154929577465 0.05555555555555555 0.36971830985915494
2 0.1814236111111111 0.579225352112676 0.08854166666666667 0.7359154929577465
2 0.2595486111111111 0.5440140845070423 0.057291666666666664 0.8204225352112676
2 0.34375 0.545774647887324 0.020833333333333332 0.7464788732394366
2 0.4201388888888889 0.573943661971831 0.027777777777777776 0.7605633802816901
2 0.4947916666666667 0.5475352112676056 0.052083333333333336 0.7922535211267606
2 0.5868055555555556 0.4630281690140845 0.09027777777777778 0.9049295774647887
2 0.6605902777777778 0.4894366197183099 0.13368055555555555 0.8661971830985915
2 0.734375 0.5193661971830986 0.1527777777777778 0.7992957746478874
2 0.7986111111111112 0.6073943661971831 0.11458333333333333 0.5035211267605634
2 0.890625 0.5211267605633803 0.05555555555555555 0.2323943661971831
2 0.5060763888888888 0.4841549295774648 0.8072916666666666 0.12323943661971831
2 0.4704861111111111 0.5985915492957746 0.7395833333333334 0.13380281690140844
2 0.4644097222222222 0.7376760563380281 0.6232638888888888 0.0880281690140845
2 0.4722222222222222 0.8186619718309859 0.5277777777777778 0.05985915492957746
2 0.3793402777777778 0.8785211267605634 0.3246527777777778 0.0528169014084507
