3 0.694300518134715 0.5728241563055062 0.48704663212435234 0.3463587921847247
0 0.5967184801381693 0.2797513321492007 0.13644214162348878 0.21847246891651864
0 0.8981001727115717 0.8197158081705151 0.20379965457685664 0.15097690941385436
2 0.5751295336787565 0.5843694493783304 0.05181347150259067 0.1705150976909414
2 0.7089810017271158 0.5843694493783304 0.08808290155440414 0.2699822380106572
2 0.5915371329879102 0.5195381882770871 0.23316062176165803 0.05150976909413854
2 0.6200345423143351 0.5746003552397868 0.14507772020725387 0.05150976909413854
2 0.6528497409326425 0.6598579040852576 0.12435233160621761 0.02664298401420959
2 0.7659758203799655 0.5266429840142096 0.11226252158894647 0.0586145648312611
2 0.7625215889464594 0.5701598579040853 0.09499136442141623 0.056838365896980464
0 0.8523316062176166 0.9023090586145648 0.06390328151986183 0.19538188277087035
