3 0.546875 0.49375 0.73125 0.5458333333333333
3 0.271875 0.75 0.1125 0.14166666666666666
2 0.51875 0.38125 0.55625 0.10416666666666667
2 0.49375 0.48333333333333334 0.48125 0.1
2 0.2515625 0.4708333333333333 0.021875 0.175
2 0.340625 0.5479166666666667 0.04375 0.3625
2 0.4359375 0.5270833333333333 0.046875 0.3375
2 0.515625 0.4791666666666667 0.05625 0.2833333333333333
2 0.59375 0.44166666666666665 0.03125 0.16666666666666666
2 0.6921875 0.42291666666666666 0.034375 0.1625
2 0.759375 0.3875 0.025 0.14166666666666666
2 0.490625 0.4166666666666667 0.05625 0.06666666666666667
3 0.0546875 0.40625 0.103125 0.029166666666666667
3 0.153125 0.86875 0.125 0.07916666666666666
3 0.1671875 0.5895833333333333 0.140625 0.2708333333333333
3 0.0375 0.8041666666666667 0.06875 0.075
