3 0.5008333333333334 0.415 0.9983333333333333 0.8275
3 0.21833333333333332 0.834375 0.19333333333333333 0.06375
3 0.465 0.84875 0.14666666666666667 0.0475
3 0.9091666666666667 0.643125 0.165 0.06875
2 0.08 0.20875 0.15666666666666668 0.415
2 0.31583333333333335 0.391875 0.3416666666666667 0.47125
2 0.7758333333333334 0.1925 0.08833333333333333 0.0825
2 0.49666666666666665 0.474375 0.37666666666666665 0.36625
2 0.5816666666666667 0.5625 0.3566666666666667 0.2925
2 0.5883333333333334 0.6525 0.3466666666666667 0.2475
2 0.5541666666666667 0.743125 0.225 0.12875
2 0.615 0.74625 0.11666666666666667 0.07
2 0.4875 0.785625 0.13166666666666665 0.01625
2 0.56 0.750625 0.20333333333333334 0.01375
2 0.3883333333333333 0.65875 0.11333333333333333 0.01
2 0.215 0.586875 0.3233333333333333 0.02125
2 0.18666666666666668 0.499375 0.36666666666666664 0.04125
2 0.2733333333333333 0.326875 0.5433333333333333 0.12625
