3 0.500625 0.6235955056179775 0.99875 0.7528089887640449
2 0.614375 0.35580524344569286 0.56375 0.06741573033707865
2 0.548125 0.5543071161048689 0.90375 0.06367041198501873
2 0.445625 0.7602996254681648 0.88875 0.0599250936329588
2 0.454375 0.9428838951310862 0.85125 0.04307116104868914
2 0.041875 0.8202247191011236 0.02125 0.14606741573033707
2 0.163125 0.8333333333333334 0.04375 0.3333333333333333
2 0.315 0.7125468164794008 0.0925 0.5749063670411985
2 0.32125 0.9662921348314607 0.0175 0.06741573033707865
2 0.44375 0.6797752808988764 0.115 0.6404494382022472
2 0.54 0.7509363295880149 0.1175 0.49812734082397003
2 0.674375 0.6882022471910112 0.15125 0.6235955056179775
2 0.743125 0.9325842696629213 0.03625 0.1348314606741573
2 0.81625 0.6591760299625468 0.0675 0.24344569288389514
2 0.85625 0.9166666666666666 0.0525 0.16666666666666666
2 0.9525 0.5777153558052435 0.07 0.23782771535580524
2 0.365625 0.35767790262172283 0.01125 0.04868913857677903
2 0.605625 0.4091760299625468 0.03375 0.08426966292134831
