3 0.6395939086294417 0.6796875 0.7208121827411168 0.640625
2 0.40609137055837563 0.6328125 0.030456852791878174 0.125
2 0.4796954314720812 0.62890625 0.03553299492385787 0.1640625
2 0.5279187817258884 0.671875 0.030456852791878174 0.15625
2 0.550761421319797 0.734375 0.025380710659898477 0.0625
2 0.5939086294416244 0.66796875 0.04060913705583756 0.1328125
2 0.6091370558375635 0.73828125 0.050761421319796954 0.0546875
2 0.6395939086294417 0.7109375 0.030456852791878174 0.140625
2 0.7715736040609137 0.71875 0.04060913705583756 0.140625
2 0.8121827411167513 0.7109375 0.04060913705583756 0.1875
2 0.8426395939086294 0.7109375 0.04060913705583756 0.25
2 0.8654822335025381 0.70703125 0.025380710659898477 0.2421875
2 0.9238578680203046 0.70703125 0.02030456852791878 0.1640625
2 0.9720812182741116 0.6875 0.025380710659898477 0.234375
2 0.9263959390862944 0.79296875 0.1065989847715736 0.0859375
