2 0.38392857142857145 0.05220883534136546 0.4107142857142857 0.05622489959839357
2 0.41964285714285715 0.14056224899598393 0.3392857142857143 0.04819277108433735
2 0.38392857142857145 0.21686746987951808 0.4107142857142857 0.04819277108433735
2 0.39285714285714285 0.29518072289156627 0.4642857142857143 0.05220883534136546
2 0.39285714285714285 0.3795180722891566 0.42857142857142855 0.05220883534136546
2 0.36607142857142855 0.4578313253012048 0.4107142857142857 0.040160642570281124
2 0.375 0.5401606425702812 0.39285714285714285 0.04417670682730924
2 0.38392857142857145 0.6244979919678715 0.375 0.03614457831325301
2 0.375 0.7068273092369478 0.32142857142857145 0.0321285140562249
2 0.38392857142857145 0.8694779116465864 0.23214285714285715 0.03614457831325301
3 0.375 0.4759036144578313 0.6428571428571429 0.9437751004016064
2 0.38392857142857145 0.14056224899598393 0.16071428571428573 0.27309236947791166
2 0.36607142857142855 0.5843373493975904 0.08928571428571429 0.08433734939759036
2 0.38392857142857145 0.8534136546184738 0.08928571428571429 0.1566265060240964
