3 0.5426829268292683 0.5652173913043478 0.7334494773519163 0.802675585284281
3 0.2691637630662021 0.9214046822742475 0.10278745644599303 0.15719063545150502
2 0.524390243902439 0.4013377926421405 0.5679442508710801 0.14046822742474915
2 0.49564459930313587 0.5501672240802675 0.48606271777003485 0.13043478260869565
2 0.22038327526132404 0.46153846153846156 0.02264808362369338 0.10702341137123746
2 0.25 0.5250836120401338 0.01916376306620209 0.22073578595317725
2 0.3405923344947735 0.6237458193979933 0.04355400696864112 0.5183946488294314
2 0.436411149825784 0.5953177257525084 0.04355400696864112 0.47491638795986624
2 0.514808362369338 0.5334448160535117 0.05749128919860627 0.3979933110367893
2 0.5914634146341463 0.4882943143812709 0.036585365853658534 0.25418060200668896
2 0.6942508710801394 0.4531772575250836 0.029616724738675958 0.23745819397993312
2 0.7578397212543554 0.40301003344481606 0.027874564459930314 0.2040133779264214
2 0.4921602787456446 0.4280936454849498 0.047038327526132406 0.14046822742474915
2 0.7926829268292683 0.3762541806020067 0.0313588850174216 0.09698996655518395
2 0.813588850174216 0.3311036789297659 0.04529616724738676 0.07357859531772576
3 0.05313588850174216 0.431438127090301 0.10278745644599303 0.05351170568561873
3 0.1681184668989547 0.7675585284280937 0.1445993031358885 0.3110367892976589
3 0.1750871080139373 0.5183946488294314 0.0156794425087108 0.033444816053511704
3 0.06620209059233449 0.979933110367893 0.09407665505226481 0.04013377926421405
