3 0.9107806691449815 0.130550621669627 0.14869888475836432 0.06571936056838366
3 0.9070631970260223 0.28596802841918295 0.11152416356877323 0.0497335701598579
3 0.9368029739776952 0.4404973357015986 0.12639405204460966 0.056838365896980464
3 0.9182156133828996 0.5532859680284192 0.13382899628252787 0.047957371225577264
3 0.9107806691449815 0.6580817051509769 0.13382899628252787 0.06216696269982238
3 0.7453531598513011 0.6971580817051509 0.08550185873605948 0.05150976909413854
3 0.9275092936802974 0.8206039076376554 0.12267657992565056 0.07460035523978685
3 0.9144981412639405 0.9253996447602132 0.09665427509293681 0.06039076376554174
2 0.9107806691449815 0.9245115452930728 0.06691449814126393 0.019538188277087035
2 0.9237918215613383 0.8197158081705151 0.07806691449814127 0.015985790408525755
2 0.8977695167286245 0.6571936056838366 0.07806691449814127 0.021314387211367674
