3 0.26 0.19715808170515098 0.4488888888888889 0.1811722912966252
2 0.24222222222222223 0.18738898756660746 0.3511111111111111 0.0905861456483126
2 0.09555555555555556 0.25843694493783304 0.10222222222222223 0.023090586145648313
3 0.15777777777777777 0.3747779751332149 0.22666666666666666 0.10301953818827708
2 0.16666666666666666 0.3641207815275311 0.19111111111111112 0.0497335701598579
2 0.12222222222222222 0.40408525754884544 0.14666666666666667 0.037300177619893425
3 0.2222222222222222 0.5701598579040853 0.3288888888888889 0.10657193605683836
2 0.2088888888888889 0.5683836589698046 0.29333333333333333 0.0674955595026643
3 0.28444444444444444 0.7575488454706927 0.4177777777777778 0.07992895204262877
3 0.6244444444444445 0.7184724689165186 0.23555555555555555 0.07992895204262877
2 0.6222222222222222 0.7184724689165186 0.18666666666666668 0.02664298401420959
2 0.2866666666666667 0.761101243339254 0.39555555555555555 0.0586145648312611
3 0.7022222222222222 0.9573712255772646 0.5244444444444445 0.0852575488454707
2 0.6888888888888889 0.9742451154529307 0.49777777777777776 0.05150976909413854
