3 0.5002382086707956 0.32209944751381214 0.9995235826584088 0.49171270718232046
2 0.5145307289185327 0.2955801104972376 0.9709385421629347 0.1292817679558011
2 0.04764173415912339 0.556353591160221 0.0771796093377799 0.051933701657458566
2 0.10838494521200571 0.6005524861878453 0.03858980466888995 0.0430939226519337
2 0.1388756550738447 0.7419889502762431 0.050023820867079564 0.12486187845303867
2 0.2851357789423535 0.661878453038674 0.026202953787517864 0.6519337016574586
2 0.33206288708909004 0.21823204419889503 0.10767031919961886 0.22209944751381216
2 0.600762267746546 0.6961325966850829 0.023820867079561697 0.20773480662983426
2 0.6129109099571224 0.36464088397790057 0.03858980466888995 0.32044198895027626
2 0.8592186755597904 0.7220994475138122 0.17198666031443544 0.2022099447513812
