2 0.518097066081711 0.5001834189288334 0.08692075678639978 0.9996331621423331
0 0.8175212503427475 0.8316214233308877 0.22621332602138744 0.2780630961115187
0 0.59075952837949 0.5420029347028613 0.1291472443103921 0.08400586940572267
0 0.9335069920482588 0.3877476155539252 0.06059775157663833 0.2553191489361702
0 0.6124211680833562 0.11170212765957446 0.17959967096243487 0.09501100513573
0 0.38223197148341104 0.17828319882611884 0.1963257471894708 0.2611885546588408
0 0.2947628187551412 0.023110785033015408 0.20455168631752124 0.04548789435069699
0 0.8406909788867563 0.14361702127659576 0.12338908692075679 0.07006603081438005
3 0.399780641623252 0.5001834189288334 0.7990128873046339 0.9996331621423331
3 0.8996435426377845 0.3815113719735877 0.20071291472443104 0.3008070432868672
