3 0.5464285714285714 0.547911547911548 0.73 0.7076167076167076
3 0.2764285714285714 0.8820638820638821 0.12142857142857143 0.171990171990172
2 0.5242857142857142 0.40171990171990174 0.5771428571428572 0.13022113022113022
2 0.5021428571428571 0.5343980343980343 0.48142857142857143 0.12039312039312039
2 0.22071428571428572 0.457002457002457 0.018571428571428572 0.08353808353808354
2 0.24928571428571428 0.5061425061425061 0.018571428571428572 0.19164619164619165
2 0.34 0.601965601965602 0.04 0.47174447174447176
2 0.4357142857142857 0.585995085995086 0.04285714285714286 0.4250614250614251
2 0.5157142857142857 0.5208845208845209 0.054285714285714284 0.3538083538083538
2 0.5914285714285714 0.47665847665847666 0.03428571428571429 0.22604422604422605
2 0.6928571428571428 0.4520884520884521 0.02857142857142857 0.20638820638820637
2 0.7564285714285715 0.40540540540540543 0.027142857142857142 0.18181818181818182
2 0.7942857142857143 0.3796068796068796 0.022857142857142857 0.09090909090909091
2 0.8164285714285714 0.3476658476658477 0.041428571428571426 0.06633906633906633
2 0.49857142857142855 0.42997542997543 0.05142857142857143 0.10319410319410319
3 0.054285714285714284 0.42874692874692877 0.10571428571428572 0.04176904176904177
3 0.047142857142857146 0.9262899262899262 0.04857142857142857 0.044226044226044224
3 0.10928571428571429 0.9103194103194103 0.01 0.012285012285012284
3 0.16857142857142857 0.7186732186732187 0.14285714285714285 0.24815724815724816
3 0.17857142857142858 0.504914004914005 0.017142857142857144 0.02702702702702703
3 0.11642857142857142 0.085995085995086 0.23 0.16707616707616707
